1421 9
1075 1377 281 335 698 5 610 810 828 
1010 201 140 616 866 1228 1074 551 245 
880 67 514 1355 132 674 1412 802 647 
264 742 930 472 197 425 799 564 1292 
1255 1413 587 333 25 1220 955 664 129 
386 963 446 1218 218 982 884 1255 943 
328 300 443 864 519 1295 773 756 605 
140 231 866 899 695 577 154 699 716 
473 955 734 1408 751 345 178 1359 960 
162 766 283 1418 816 640 562 82 1411 
824 482 331 1088 61 1304 1074 393 541 
306 103 618 225 1399 127 1017 1403 954 
509 1316 1046 1351 758 1347 30 1135 1168 
708 486 536 23 372 1359 1211 1093 331 
1356 803 410 319 485 97 1084 161 264 
77 1226 562 1293 425 1294 1225 113 823 
926 1181 340 1227 172 310 1338 1130 1126 
537 505 917 887 231 1177 87 451 1414 
567 792 494 98 378 144 988 635 1270 
332 417 1168 338 1023 329 999 447 1120 
581 594 1388 1390 1166 1017 530 306 1027 
355 103 579 940 607 888 732 286 55 
410 628 458 776 1310 554 67 681 1106 
256 294 1314 897 1253 201 1045 1160 770 
1408 211 416 1076 432 674 247 905 1392 
758 7 794 1025 277 252 874 1243 1098 
748 100 849 1098 469 937 1158 853 522 
27 533 1208 466 762 1285 641 1215 884 
1324 988 545 20 265 94 769 875 419 
714 235 933 51 1036 207 21 290 148 
1084 0 487 772 881 315 115 376 1112 
90 604 261 18 1204 942 1178 1062 43 
992 335 686 378 555 253 1367 487 1157 
1288 281 1315 992 1346 536 603 74 193 
392 402 1147 277 639 148 988 836 1142 
944 445 1274 247 1154 1282 1052 72 433 
452 348 221 1269 566 385 392 1287 655 
55 228 968 665 881 740 482 471 151 
180 279 1234 496 379 541 320 786 321 
240 976 992 222 1164 1182 272 1239 1162 
1106 929 68 93 691 710 1352 67 1096 
935 1137 1139 172 1193 429 1098 991 170 
1290 452 839 200 707 571 392 650 1370 
1398 994 899 456 1311 652 1243 1103 4 
697 333 333 145 28 966 1106 981 33 
415 394 734 309 602 597 216 1417 985 
91 1040 1082 435 666 214 1344 738 169 
302 99 982 872 649 1292 1209 1113 1399 
202 70 766 662 75 549 922 700 569 
705 108 1066 838 934 357 751 255 1054 
321 825 999 829 330 489 1051 971 355 
1314 269 1274 1275 441 448 190 1078 498 
682 674 474 1133 805 195 775 925 418 
903 673 613 1012 1184 1265 1361 754 1180 
226 485 759 460 659 1374 56 1395 34 
1056 1093 953 1361 185 1119 221 351 1243 
186 969 906 1303 259 1389 363 660 445 
740 1281 685 213 1321 1006 463 1043 310 
649 791 1176 1235 388 1162 1026 1394 946 
1040 577 1044 759 1011 294 615 228 202 
237 63 1353 729 1041 774 327 680 1044 
972 73 721 347 1394 1213 1200 658 1140 
478 388 480 964 645 236 599 926 116 
673 1142 531 598 153 329 202 330 189 
1125 708 342 425 643 71 328 25 952 
122 1344 682 375 4 200 1288 1266 288 
1121 267 207 196 443 378 1158 1263 446 
585 1056 202 486 744 929 1397 1036 524 
839 945 593 1359 236 1379 1022 227 675 
219 124 297 606 263 467 1210 171 553 
1391 328 418 1116 684 1120 1297 547 831 
612 1400 698 849 1316 1280 1188 681 1403 
615 1044 405 1311 1069 845 1337 1172 1354 
808 390 696 484 182 1299 639 916 849 
475 1127 250 1013 1050 137 1119 898 167 
317 639 0 799 61 37 1350 499 910 
237 103 872 499 841 818 81 907 835 
39 953 1308 278 957 421 1265 550 119 
655 226 698 1175 517 1257 510 1054 1126 
1378 30 230 70 710 257 85 488 127 
243 1335 660 285 1354 182 655 291 254 
1342 372 525 845 1302 830 1067 1391 492 
846 322 1257 1143 1129 1065 204 880 553 
1103 1273 266 626 112 1327 1419 76 916 
1033 392 1296 62 994 965 490 589 275 
816 515 156 423 1064 1137 1404 618 1126 
948 558 719 1392 954 50 613 812 1186 
41 95 681 624 942 443 368 568 1250 
1012 166 725 30 1399 144 292 341 1415 
407 1235 166 292 1164 851 773 1362 439 
651 873 1338 772 267 43 1084 890 219 
445 505 565 1105 1071 364 697 527 331 
1121 721 504 1390 129 1020 979 854 1408 
215 633 245 519 464 372 678 277 872 
531 1352 341 1052 485 532 716 72 1018 
1376 1151 248 312 1213 405 385 1006 1135 
676 708 328 313 953 1039 634 922 518 
1036 491 1269 761 1026 487 1051 1183 428 
951 325 921 694 482 11 298 1005 402 
1121 1329 240 353 845 681 65 982 1270 
246 11 1120 440 750 507 1252 91 602 
13 597 537 649 321 1353 1049 414 923 
215 482 679 1004 143 1260 908 229 849 
1283 885 590 426 109 1303 190 970 974 
427 1106 30 1037 1316 330 1062 1409 810 
919 972 716 1178 901 923 1094 553 467 
1031 632 410 1027 1234 722 863 1325 1311 
813 1281 1161 1300 447 663 255 1226 1208 
906 1384 60 1230 543 195 134 497 548 
964 1106 1374 134 945 87 369 1375 1268 
1001 172 637 469 1316 690 980 199 1032 
1007 506 838 852 65 1364 1330 981 175 
68 834 284 445 161 949 47 1010 545 
24 1250 827 377 90 1148 1132 928 1051 
426 403 1015 239 738 154 745 521 304 
1231 1029 596 1220 925 55 1049 506 980 
892 959 298 1315 559 79 321 778 483 
728 187 634 1299 21 58 356 596 288 
146 1035 1364 290 416 1050 898 317 663 
1238 1000 1069 263 18 959 1058 1389 823 
186 539 460 544 457 599 1254 933 99 
146 154 655 1253 940 667 154 987 827 
1303 162 212 1035 1340 355 1123 1363 974 
1099 373 686 1064 177 14 468 581 446 
359 1300 619 965 1396 184 997 375 835 
660 1071 1340 1171 854 1235 401 954 335 
483 996 1353 863 192 60 1282 278 871 
363 962 879 149 151 824 1128 789 701 
144 424 521 1083 465 489 573 1051 579 
795 9 33 324 533 790 1409 523 177 
435 892 401 265 1336 925 1260 1004 839 
524 521 200 610 731 31 894 887 704 
468 1386 221 1040 552 261 643 880 433 
1345 829 1012 929 234 208 792 254 1379 
431 12 1025 711 1227 1409 1168 1213 1126 
496 533 702 1375 606 145 174 1137 932 
1059 1064 351 697 364 943 1101 1321 278 
332 104 457 282 113 340 1033 1210 384 
418 718 1049 260 1027 1153 906 940 39 
1201 1328 404 1383 1173 548 233 992 591 
769 196 34 715 486 267 945 67 761 
747 55 1124 190 605 303 1193 364 653 
1417 874 1050 817 702 365 857 530 139 
1391 758 978 736 245 446 866 435 1030 
917 255 1336 1071 72 630 1098 761 1404 
660 253 308 66 953 948 307 485 750 
280 1040 727 1368 1393 955 59 1186 746 
973 40 167 628 307 1321 953 1417 333 
780 1118 511 837 1327 1019 295 1090 1226 
523 665 390 956 1172 1045 640 746 937 
483 141 752 592 586 1309 891 468 14 
191 58 788 519 652 118 1137 1142 409 
1302 987 52 749 1032 815 340 456 596 
353 954 225 628 286 504 224 859 17 
797 1341 432 1185 145 824 473 515 759 
953 641 122 1024 983 1365 683 1400 658 
573 1208 91 762 931 1298 948 286 1092 
341 41 1038 1103 1381 732 1185 731 685 
674 501 1258 32 1182 1384 1122 621 1269 
1169 1278 1141 1125 444 1011 640 817 1203 
1188 749 356 1225 1067 124 797 764 701 
1304 319 559 779 1393 376 714 967 767 
335 1171 1 1130 1279 764 867 1083 836 
1328 289 795 522 974 468 485 463 623 
1369 946 191 1154 290 1330 226 273 259 
892 1031 1123 862 402 404 170 99 454 
305 1012 980 673 183 819 1370 278 1154 
1346 507 740 1108 884 642 604 63 286 
166 1041 435 862 1070 954 1396 676 810 
1229 378 1416 1066 1401 1269 1299 536 1043 
1168 238 405 621 733 374 1073 73 1111 
142 1331 751 97 293 536 310 280 922 
1107 869 201 543 33 679 1069 731 694 
241 357 979 446 654 1028 563 631 1360 
744 56 949 1323 398 385 1135 584 447 
466 1379 921 141 61 128 132 198 1342 
197 1218 859 33 625 786 1063 124 549 
482 680 1236 1343 1135 804 818 588 43 
316 536 1235 1068 633 755 379 908 686 
742 830 963 597 358 244 162 479 1283 
695 1330 112 1261 209 1386 832 334 676 
225 537 363 198 487 195 75 1156 956 
810 1385 832 164 115 576 525 949 534 
105 602 483 306 941 849 353 1231 331 
469 1011 775 1023 1357 1072 1286 1146 1359 
659 472 127 1348 1240 1072 183 739 857 
431 865 1275 298 39 450 624 1051 921 
598 589 1297 926 740 1306 706 91 603 
682 1366 1218 1091 944 1088 1019 507 1193 
596 729 662 835 1403 1227 263 413 587 
569 1127 843 1198 379 57 881 379 571 
406 231 141 1371 300 1077 133 532 163 
1054 1042 839 160 334 741 797 265 1337 
351 1376 291 1395 363 554 1366 634 1039 
154 1331 1176 1080 460 361 47 328 846 
1012 1018 904 166 149 465 1292 179 316 
232 253 1150 367 902 707 594 534 674 
258 1077 361 1123 358 1320 2 398 1117 
1352 922 929 422 1188 424 450 588 537 
1226 232 1222 468 361 751 659 778 1354 
159 1181 587 287 892 876 170 770 1254 
609 179 58 709 587 1405 365 1047 1387 
714 1306 371 892 1173 267 1224 436 940 
502 795 724 1237 237 730 495 449 821 
121 445 418 96 608 1415 956 386 6 
1088 13 355 994 1075 1062 258 617 520 
195 1410 919 668 102 1069 109 737 935 
350 408 635 464 972 515 413 713 46 
360 1333 223 667 1320 1200 719 208 1366 
1418 823 884 672 577 1420 620 1237 1136 
810 518 408 1101 501 369 1404 1135 574 
610 719 1239 1332 1154 181 118 1081 406 
280 981 1051 680 794 963 950 577 210 
413 721 1029 1161 1065 432 929 229 113 
570 1409 920 332 377 938 1324 606 1140 
830 143 1206 528 927 499 544 92 494 
329 1343 447 949 1021 1255 395 1163 1379 
802 473 946 862 937 855 996 1338 844 
1366 655 1352 633 419 445 663 965 730 
798 898 164 93 748 1157 940 1181 775 
647 240 600 931 887 28 723 79 390 
596 851 558 620 391 1014 89 1132 1400 
323 651 1104 425 906 586 953 1071 937 
414 368 256 35 882 484 84 530 1168 
1220 594 1212 372 383 1270 58 113 205 
705 1373 136 636 1119 513 101 495 1121 
465 352 349 57 733 1066 6 883 482 
227 1182 526 1391 287 1157 992 1102 1106 
1417 98 610 342 61 213 486 1049 197 
1271 57 211 364 276 1026 1316 1029 1017 
734 412 18 978 876 1364 700 526 238 
129 1270 808 417 1033 1326 1139 1409 1387 
241 46 1009 788 1315 808 79 1168 21 
1307 718 1308 108 854 137 628 335 164 
720 811 822 1289 605 1060 825 1241 654 
792 744 347 612 446 867 201 331 110 
1369 961 16 374 383 1248 1373 931 98 
879 792 1329 210 867 1247 133 1177 820 
541 198 992 806 729 1250 601 1124 563 
802 48 1221 271 1290 690 815 555 268 
859 1370 691 787 562 798 875 1102 461 
506 969 677 1393 1320 1290 1271 69 570 
1273 949 603 485 231 153 350 102 716 
907 405 667 1392 1286 547 1250 749 537 
1410 153 575 1153 382 1064 201 733 1124 
788 77 43 1064 598 291 1263 797 1152 
332 475 134 1140 112 1111 823 1296 1325 
1209 830 869 342 535 858 1070 1393 112 
206 494 1410 645 1387 802 924 1156 699 
257 197 407 518 1402 563 868 580 760 
175 660 818 1280 142 459 913 732 1161 
413 173 72 1069 96 812 304 595 1325 
1119 685 1264 908 1041 522 997 73 320 
1111 1117 583 1400 891 1045 1159 903 1258 
266 765 666 1411 591 739 1292 291 894 
870 233 832 217 587 1194 497 35 962 
105 393 930 414 1113 469 1272 576 987 
1213 307 193 601 487 1391 969 691 684 
49 1331 1043 1176 2 1206 919 210 239 
1140 229 18 599 782 829 445 1338 529 
870 304 1078 467 1408 949 367 928 564 
1171 958 343 312 262 218 414 934 492 
325 804 161 1148 522 435 361 987 506 
82 329 1180 1280 999 1237 574 1417 643 
1391 457 232 989 890 480 829 1415 1129 
593 630 243 707 1103 738 1339 175 354 
1001 1047 222 250 377 734 481 242 1389 
740 728 579 666 1077 561 1275 657 248 
637 456 1138 134 921 867 283 650 118 
1282 137 832 77 750 1034 121 946 394 
1210 1220 908 1125 1027 346 937 492 116 
145 158 370 1090 1243 1103 67 174 257 
628 333 1303 1119 247 823 676 337 31 
1051 1106 79 490 1290 1203 768 643 810 
518 1308 268 967 84 186 890 237 1178 
245 838 553 223 255 398 937 550 569 
1395 607 623 1419 1356 3 1061 928 1181 
188 401 357 1221 129 123 330 458 295 
1398 1337 323 1057 1372 252 1113 1015 1010 
604 694 291 1112 692 767 1292 524 1389 
57 150 24 328 680 1363 326 78 1187 
133 553 188 1158 726 1223 159 1137 573 
6 138 1381 1286 639 792 1002 479 635 
1354 963 1123 1062 964 1081 1290 213 563 
1138 1305 224 303 840 280 650 919 132 
1026 82 643 968 126 439 716 230 1338 
505 257 637 1308 702 605 338 1409 329 
546 724 17 956 1186 1231 1350 156 497 
426 838 1293 1055 1030 194 1314 318 421 
603 482 125 178 623 1007 1300 82 766 
103 435 1308 1086 1043 282 1354 757 511 
1140 1271 1169 533 573 951 1319 1226 543 
427 396 74 1262 621 0 568 653 316 
604 1092 915 492 196 375 704 1151 203 
903 891 224 817 1346 1315 985 1006 1108 
802 1406 453 1362 1201 3 914 784 232 
1213 702 976 1420 1009 340 426 849 230 
347 712 828 37 302 875 952 1183 1038 
993 950 1128 1097 1161 986 970 588 365 
466 1416 1012 1392 613 1216 1416 231 355 
588 1002 1260 1328 443 675 455 878 819 
933 758 519 338 143 1162 1337 407 1134 
1221 1325 882 639 102 1310 681 556 367 
1070 520 310 707 1046 179 64 577 1201 
560 621 357 1338 745 242 867 785 698 
79 593 1112 936 1172 427 922 96 324 
287 402 1376 536 632 1087 214 142 135 
251 742 399 360 1111 293 553 1242 831 
263 925 894 764 1209 1364 337 1417 895 
727 222 292 312 1173 699 1367 269 40 
94 868 1307 1037 692 449 442 1140 718 
1299 274 96 295 1364 1259 934 777 1351 
304 454 684 1396 262 1319 505 38 831 
329 568 579 536 186 836 985 141 756 
201 1384 795 460 1346 1141 1413 152 947 
1369 97 970 62 1359 582 1130 834 554 
230 933 1136 113 414 1172 610 832 1276 
1178 832 181 745 1185 1054 1374 150 131 
482 179 1404 347 785 29 1299 133 1271 
931 702 116 1142 1404 640 1023 1419 721 
1108 1151 1375 787 269 690 1203 596 381 
3 1049 483 100 587 1231 181 661 1392 
1050 1219 721 653 37 1229 604 1089 995 
1077 847 1165 1362 589 97 486 180 1418 
757 1208 1339 493 794 1060 809 728 145 
528 1232 139 408 183 395 514 909 590 
1193 761 1065 611 834 514 1195 989 1387 
761 439 166 199 1385 516 1183 445 1313 
1111 628 117 744 1012 168 1390 838 337 
1256 346 420 1098 500 386 1306 21 730 
703 1305 1234 354 855 1137 216 267 861 
1061 940 593 32 1074 44 1306 143 204 
997 215 1257 1229 509 772 1049 879 413 
1206 29 753 531 886 147 470 1038 1379 
748 1392 1384 774 673 807 1016 232 387 
812 1120 542 843 189 1094 1279 1227 890 
373 651 257 1291 56 129 364 540 260 
41 147 1344 499 185 469 386 1402 1162 
302 42 750 222 932 87 744 339 1389 
1130 1113 1246 721 389 156 580 793 691 
1224 882 71 202 394 875 695 927 612 
414 929 795 418 891 625 604 96 1283 
1208 444 616 738 1190 138 1286 888 1183 
520 696 304 1009 990 250 469 496 879 
694 1279 927 294 1170 10 309 529 45 
1159 1081 1247 1270 81 18 722 799 327 
513 558 1393 1153 699 836 341 397 402 
827 486 852 710 797 168 853 112 548 
52 94 1220 1086 1059 833 186 1399 354 
371 363 1305 1038 201 741 147 1024 1417 
911 1405 27 1045 666 1372 512 1290 177 
374 86 113 1018 868 1240 528 867 504 
1190 20 619 494 1016 1273 102 1070 963 
636 27 289 609 752 579 484 725 1176 
147 831 632 768 124 898 475 1017 577 
1331 585 1045 1141 935 75 1399 1381 562 
755 27 755 1084 1314 765 348 525 639 
1065 710 250 108 424 678 729 183 888 
710 769 28 540 596 9 448 1124 617 
875 967 144 520 244 470 783 1326 70 
955 1299 1106 1020 1419 143 870 785 328 
408 1152 1157 44 264 1132 454 214 244 
1077 1141 915 795 458 595 237 662 1026 
197 457 451 957 447 424 867 620 964 
781 1419 597 79 1266 1144 922 1327 723 
1019 192 565 51 1393 283 466 695 588 
1299 881 417 113 1318 10 867 831 314 
410 1218 851 399 1388 497 1023 483 700 
1280 1065 1122 1379 255 371 11 855 309 
1091 672 48 441 963 223 762 681 1183 
403 1412 394 1388 1305 626 440 1018 766 
445 1264 855 697 373 1319 959 386 425 
298 327 541 92 865 1225 668 854 738 
1119 1087 1070 1207 80 786 1196 381 963 
670 1283 36 138 1136 616 935 1216 244 
441 857 1146 488 709 125 242 1005 350 
986 1201 617 494 34 787 202 338 828 
1326 281 1116 935 1021 661 5 559 615 
433 849 284 54 434 1392 1139 992 97 
280 1065 1418 1102 1202 1237 136 469 1176 
439 549 555 351 300 380 977 83 243 
47 1377 701 127 400 397 220 735 1153 
180 345 820 1305 803 786 708 656 1395 
1186 935 1407 1076 1329 1286 503 429 248 
409 188 594 456 251 598 1347 1159 1041 
766 1116 835 1352 348 1385 43 897 926 
1078 886 1266 677 1419 487 1379 785 8 
1173 546 835 488 36 1399 1012 998 1346 
463 189 667 335 210 133 149 1338 502 
1402 701 712 704 326 1303 1067 767 711 
775 814 1403 514 522 189 1033 115 1219 
358 611 1098 1186 357 190 1148 689 881 
884 1081 1331 456 1050 76 581 1201 511 
729 475 37 528 635 1413 1062 1144 1388 
979 369 164 106 623 220 620 114 1165 
894 264 499 992 1050 446 1111 66 304 
1072 1283 826 544 272 58 732 697 33 
271 172 759 6 1308 481 37 733 943 
221 925 865 600 672 544 135 663 363 
1304 329 411 502 1288 743 269 31 1238 
709 1066 966 992 1180 360 277 229 888 
762 1324 691 26 294 1095 1164 676 1389 
672 38 809 1400 329 444 802 164 26 
111 650 805 1234 183 1020 953 1076 1060 
161 504 332 370 921 1144 1364 1166 773 
1095 716 886 526 1212 523 661 1311 117 
744 131 20 216 908 868 879 2 1177 
187 1237 824 865 311 833 1149 804 1211 
555 1030 151 88 122 219 883 369 1375 
8 158 895 854 103 1022 258 960 1037 
1203 779 403 641 56 756 1353 240 480 
383 871 24 188 156 756 308 803 335 
515 628 1163 144 824 502 1073 684 723 
939 1271 502 802 574 529 821 830 1191 
1084 410 92 688 565 199 1215 1088 1187 
858 1126 50 576 337 904 961 579 1098 
469 922 272 1099 238 205 770 970 1347 
1314 1074 54 1131 169 187 737 876 1229 
629 289 1196 795 642 501 66 1414 92 
482 164 37 899 287 994 914 505 777 
199 203 1114 1406 744 726 810 1377 1106 
1248 667 32 317 1332 1226 1420 1214 826 
624 596 928 295 1139 1280 243 22 149 
843 831 169 186 1137 1287 472 168 49 
874 52 1318 1300 515 1252 655 783 312 
88 68 853 838 658 124 1319 1337 918 
530 1064 1331 780 1011 642 1051 908 124 
1193 1130 1281 1232 610 353 1238 1072 323 
133 275 1026 1399 128 718 146 176 647 
773 65 900 347 778 1278 501 32 921 
1194 1327 759 359 966 910 1183 1045 1027 
1107 225 1400 737 436 977 3 129 347 
1001 94 1202 223 718 944 334 804 907 
494 1154 477 893 906 831 1138 174 976 
916 790 1325 1047 1314 551 1030 149 448 
1012 699 1044 1319 1101 652 1230 663 668 
57 1089 564 35 307 325 621 656 390 
722 577 1186 823 1365 915 987 151 1087 
829 400 96 229 5 513 1108 1308 740 
1339 1046 671 729 300 44 337 173 233 
940 767 116 902 479 458 627 1358 458 
440 1097 150 1126 1243 1347 1319 934 869 
1413 410 774 687 1297 16 490 1061 331 
860 946 1058 876 792 1258 545 312 119 
138 1006 1371 1397 1355 1200 996 763 648 
409 1202 1171 1376 1371 304 584 1315 932 
681 396 11 105 740 1191 1230 585 209 
1029 646 1258 1312 75 646 860 1213 238 
823 1349 934 272 753 353 1357 1131 1404 
572 362 276 1035 695 1045 954 105 107 
857 498 560 1405 430 6 90 1063 273 
454 117 462 848 661 112 383 1360 101 
1164 1306 1375 1225 823 544 156 1128 160 
1169 821 1082 30 1267 1104 1241 1315 679 
1343 208 116 194 881 1323 921 279 930 
471 1057 309 726 565 1297 1210 181 1079 
1226 411 1103 933 1370 194 798 1365 1087 
566 967 448 683 980 491 1026 1331 1016 
440 45 1353 1001 1361 233 349 1154 775 
1254 102 266 845 1315 947 258 87 1139 
54 1329 828 1202 537 562 599 1351 896 
571 1289 599 348 1164 1273 1054 1277 1365 
1084 536 1175 500 68 162 149 517 344 
255 997 536 556 276 147 680 563 1271 
574 51 1059 79 1374 64 147 515 1317 
495 962 414 44 1015 260 575 459 106 
718 237 1091 815 1199 1217 696 1189 1045 
1057 512 493 1249 516 196 306 810 805 
249 1219 1065 383 51 389 1266 66 1293 
832 1131 982 71 945 383 748 74 921 
435 967 1051 978 72 1344 654 1375 574 
302 593 901 185 889 1378 43 735 367 
610 673 100 1326 1075 349 1411 1016 661 
1202 807 255 647 769 1083 1314 1305 514 
985 333 848 1276 1141 214 648 1101 943 
956 856 33 1262 149 532 354 641 305 
157 269 831 588 1075 293 1000 627 973 
1133 649 1148 1275 831 82 824 1280 954 
1151 841 813 942 337 807 110 1311 751 
101 0 779 1025 471 714 700 877 1022 
1029 620 297 1027 823 495 429 793 593 
779 805 650 355 794 1301 943 1195 569 
573 1404 1233 167 631 910 1355 1133 357 
1012 761 1415 1323 1253 412 456 352 89 
195 1212 1134 241 350 341 937 1348 590 
669 233 171 316 906 1063 1281 364 404 
342 134 1247 233 537 1151 892 618 1142 
1083 682 958 546 670 1126 743 1126 970 
1341 1112 388 626 1416 88 1206 688 865 
811 192 674 525 609 72 977 187 12 
281 523 489 287 695 669 354 748 243 
226 1269 412 1265 530 1277 458 1406 813 
757 774 645 187 814 693 659 400 477 
951 813 268 497 70 848 992 575 527 
587 341 344 1089 920 646 975 103 966 
859 442 1357 654 305 863 1101 82 726 
464 699 877 1417 387 990 32 306 137 
1383 45 659 140 1190 722 1137 658 997 
1373 1214 926 342 1098 697 195 253 805 
153 1294 219 350 1195 714 84 667 573 
325 491 794 1229 1148 1390 1057 1028 1418 
907 745 39 698 1114 1055 95 28 1420 
20 890 30 1099 368 1196 980 208 1188 
1217 299 82 1257 1341 1349 961 1343 28 
1201 484 842 893 702 713 1064 104 331 
1059 944 972 1204 1081 1329 495 479 390 
880 855 743 69 900 1358 780 645 759 
715 535 236 317 1154 299 1376 992 885 
219 794 716 28 605 60 88 1119 1091 
828 178 102 125 155 683 3 43 594 
1328 336 1044 169 737 77 30 666 732 
29 718 905 1322 919 620 563 920 942 
1047 1012 1384 805 147 570 1282 326 123 
642 334 65 264 230 604 1104 1325 334 
755 896 757 756 1303 875 1401 886 87 
1397 1221 27 490 735 1313 766 1098 1063 
14 1231 20 550 1415 442 390 661 390 
380 386 1017 1002 710 554 1124 1126 1123 
1226 1108 627 166 851 794 195 886 967 
1021 975 1063 668 242 554 441 647 487 
396 636 685 927 1050 354 976 1120 864 
594 1002 427 226 854 913 365 1353 1027 
1377 1162 1289 987 1292 463 869 870 1 
305 362 614 251 1285 1115 1169 832 537 
285 289 863 1124 1165 862 693 667 1240 
726 966 124 70 67 1362 1154 426 1074 
707 406 498 774 397 469 132 1240 1199 
37 168 503 853 500 177 583 586 1029 
876 709 72 536 650 695 929 71 907 
1028 549 841 1022 1276 475 467 675 851 
358 15 838 401 936 1311 925 421 746 
887 441 358 984 800 660 142 667 514 
1296 801 1395 361 705 811 85 218 1203 
1409 496 889 793 242 663 150 1139 880 
1379 197 545 972 283 1225 369 924 386 
449 926 464 1219 1214 114 369 1257 264 
953 143 651 1249 567 1404 577 1420 1107 
858 1050 607 617 859 423 714 187 505 
942 167 449 323 851 801 1235 49 629 
858 873 1023 20 457 1350 111 597 1165 
1045 164 1000 299 677 350 1408 625 880 
362 110 599 891 757 991 274 289 986 
424 455 501 1399 1238 1179 779 1379 603 
1337 810 280 89 897 1174 746 2 395 
889 1269 334 140 403 1091 1276 434 633 
1379 806 1203 98 1068 326 183 1031 852 
1013 493 1 650 1148 616 590 735 1341 
534 1273 924 673 441 503 679 1409 493 
718 940 371 91 693 323 47 865 664 
47 833 1342 531 646 1347 1308 651 283 
1061 1342 553 545 960 1086 142 875 1296 
1283 423 267 933 488 532 930 942 124 
734 902 391 1361 49 6 1035 1068 187 
1345 1232 629 982 618 573 779 491 436 
320 1081 669 301 118 19 66 201 1362 
135 629 1263 1136 48 1288 338 1384 607 
217 396 681 841 902 1262 1120 729 849 
337 1208 606 761 61 563 226 507 329 
633 1139 362 1015 149 986 1385 588 1375 
1204 412 373 753 834 510 114 994 549 
1122 46 1249 315 1025 591 163 648 762 
353 1370 561 1092 1285 637 310 861 1156 
118 220 734 1377 1231 433 7 156 814 
860 467 271 1355 780 400 1312 947 935 
824 92 1414 1358 527 38 493 582 795 
426 1384 1301 1327 337 891 392 1267 22 
1197 1168 182 995 591 115 1139 1415 1041 
839 388 1126 921 322 423 1116 797 3 
278 1146 696 247 457 14 611 1361 1413 
440 707 548 1211 212 1107 798 31 1281 
842 788 287 361 1202 141 493 104 941 
142 601 316 1204 668 1310 785 1064 1185 
318 1381 1076 696 9 250 828 495 1377 
619 1354 695 204 983 938 18 1274 84 
1295 468 295 667 544 1261 927 156 166 
923 1254 803 1301 15 1174 704 478 1245 
592 1321 139 1294 1339 104 1325 1336 1024 
894 1188 92 393 466 427 21 652 452 
1272 1238 596 824 1161 1241 1103 326 942 
1214 507 492 625 479 1038 838 853 568 
735 107 354 1359 236 1054 674 561 102 
35 1154 79 135 337 348 843 434 1285 
985 767 616 42 97 292 1363 572 1390 
216 626 650 783 724 1078 1225 594 781 
1379 1133 1202 317 1054 411 838 1420 1216 
1294 889 1364 343 1097 529 508 1161 978 
1021 261 663 742 40 126 146 539 1230 
1068 95 1193 258 394 1028 100 862 430 
519 828 224 861 645 933 1028 593 1175 
1287 581 1322 922 832 1416 841 1362 351 
643 1104 611 925 182 1393 1077 162 1400 
913 940 35 389 1401 558 940 542 491 
1115 1173 446 497 34 41 471 673 434 
663 749 229 976 121 1214 959 1244 608 
1161 211 856 1420 630 736 570 936 1285 
1293 784 329 1065 694 518 79 2 547 
634 830 1334 848 376 1100 359 629 1219 
253 1098 1110 1252 1114 963 1317 1399 468 
1037 941 1157 1408 877 419 280 1229 51 
760 1368 520 928 121 1314 306 583 80 
1261 794 448 802 1013 1070 999 1226 614 
1172 1328 1032 1079 421 1350 1021 595 289 
62 638 1040 520 436 751 1297 621 729 
391 998 95 686 559 393 1397 509 285 
993 1236 699 532 848 698 1311 498 804 
1413 355 111 1383 426 1352 99 203 931 
1011 1417 742 685 601 1327 793 553 1303 
648 1006 379 1317 859 334 222 272 606 
1364 1245 591 823 494 12 1077 970 735 
349 505 538 465 317 1284 667 1172 57 
218 1305 399 69 1330 295 499 958 461 
1369 1208 1147 890 681 618 548 538 712 
875 1214 234 47 670 1140 853 1249 306 
1342 1366 820 1252 475 563 1274 791 483 
809 1245 658 215 14 119 1021 216 466 
906 698 22 1241 355 1123 411 1351 737 
1010 234 803 603 594 865 563 548 988 
525 957 543 1195 735 584 82 797 622 
228 854 1036 39 192 1198 335 525 521 
1041 1088 730 28 31 147 705 1315 1114 
676 1024 727 192 889 701 1106 224 293 
822 758 998 550 1270 944 1338 1170 199 
1416 860 390 427 105 945 1240 1046 677 
184 263 466 692 1294 1331 830 994 1223 
1209 706 411 1336 62 53 1029 941 245 
260 69 903 127 1235 395 1090 1028 1001 
183 1106 510 741 965 457 225 145 1172 
1382 1020 543 877 1031 1077 1034 366 5 
559 697 334 237 657 316 1305 1243 673 
681 178 258 3 116 685 1144 800 1361 
343 852 1264 1314 540 635 173 818 272 
963 1074 229 888 523 1311 804 1153 1261 
338 256 374 678 412 902 1022 1302 1285 
199 403 587 593 1275 375 1236 1225 376 
1025 804 18 1402 1304 320 320 812 650 
407 626 1329 805 13 916 865 107 949 
235 319 570 591 339 307 130 195 100 
297 1179 250 810 408 999 1077 755 1238 
1278 982 755 574 845 1329 683 1023 700 
951 42 609 1084 263 1092 700 1037 530 
99 1310 120 662 1321 507 1185 1217 1258 
1088 763 856 1181 385 1409 274 169 605 
308 748 1096 619 1260 142 1236 1000 1075 
257 359 1272 631 102 1106 1384 963 1103 
1298 458 1341 914 599 59 1017 1073 395 
987 500 704 723 173 1020 26 1390 655 
661 714 792 237 204 918 569 1148 647 
649 547 111 1385 1361 1311 826 1053 662 
27 433 971 142 317 346 1085 854 725 
1 811 1258 1207 405 1363 293 112 846 
1174 1413 1282 1317 1115 891 698 1159 98 
690 389 589 566 382 1341 101 1402 1313 
4 1180 633 1293 471 1162 167 660 446 
538 163 1231 509 150 1238 121 1088 793 
39 1040 912 169 191 295 1121 893 1206 
860 1041 70 550 234 700 64 888 734 
182 667 556 766 1201 525 293 984 622 
53 1412 800 954 545 1381 101 898 678 
631 828 588 845 1026 581 9 418 332 
717 1187 995 856 661 1058 739 239 220 
886 66 709 436 1172 494 333 244 1022 
1303 243 1143 1118 643 519 1012 1174 1141 
441 1299 709 1220 1143 941 1404 211 397 
200 960 476 1036 455 1211 1071 342 186 
758 535 238 821 1175 1374 277 1235 812 
158 653 336 367 1066 342 367 298 543 
795 954 725 181 868 87 1081 943 304 
1300 163 644 90 849 554 914 1310 1347 
1065 831 149 318 931 659 1376 1298 86 
681 468 560 545 275 357 68 1202 1074 
396 990 835 485 343 476 19 214 442 
9 1251 1028 396 687 647 1057 336 126 
182 269 611 1166 1241 211 208 979 747 
663 521 50 1277 772 355 700 282 1277 
1018 1093 387 1273 654 466 232 1231 1352 
1154 1238 114 763 452 961 1119 457 1390 
327 1196 1418 991 1186 1286 1136 855 63 
1119 234 658 65 20 104 1147 768 1325 
2 688 691 435 1306 1251 1097 1108 1023 
620 963 936 848 78 907 86 20 100 
758 225 732 1389 46 913 805 93 194 
582 485 1008 976 240 159 1371 171 753 
984 1182 526 839 519 1281 537 664 302 
363 698 271 1182 1318 740 1211 1386 46 
1269 1324 625 1117 956 1098 1183 813 1131 
767 784 339 479 1042 1270 1071 791 1134 
629 1403 242 403 744 1159 241 550 1253 
697 906 498 938 810 1132 1346 999 1242 
497 1052 975 846 406 1022 105 174 1418 
1159 1293 333 107 1059 228 1084 961 491 
773 663 1027 115 1373 402 953 673 773 
1285 661 72 426 258 514 862 554 899 
629 121 691 968 346 187 558 1076 167 
387 11 332 1234 736 946 634 1014 569 
1326 1186 458 899 907 281 1197 1226 60 
135 1103 1142 90 1404 1312 787 640 300 
1244 601 815 458 1404 820 47 38 476 
1220 852 1087 1020 1263 723 708 1349 94 
472 376 104 49 1102 965 331 1100 927 
948 1152 384 1005 968 806 988 724 1340 
645 844 953 1302 804 174 282 671 903 
1025 1010 1285 1052 806 1315 449 96 680 
407 1049 523 723 142 512 1125 62 1338 
175 219 763 720 1142 53 1329 253 260 
159 772 599 454 1251 1313 529 672 126 
1230 1088 382 355 1221 1369 1146 199 908 
155 1063 25 1310 1303 1374 61 907 190 
845 900 858 98 460 1168 576 797 132 
718 1262 760 1050 1002 45 1096 1141 123 
129 1107 693 1372 34 1334 1202 1348 549 
290 603 539 1079 1395 380 1090 1054 1185 
803 363 843 1179 529 945 534 418 398 
88 1105 1346 920 558 729 519 270 115 
1147 1366 223 191 991 1094 382 335 1215 
1252 149 1092 959 966 814 974 689 28 
807 319 877 1414 1111 1194 537 624 508 
415 849 1387 1067 277 1001 828 892 629 
319 243 8 1378 1115 130 995 1061 213 
359 728 1046 1097 1391 1356 798 1055 324 
505 736 1054 477 1140 234 852 1041 670 
918 1384 389 299 530 700 238 920 617 
1105 171 154 267 1069 1007 787 215 1106 
1163 893 363 1067 1352 918 1385 1288 438 
852 658 76 466 324 893 971 792 1093 
711 1113 121 630 882 978 1320 546 815 
410 1239 17 1057 757 303 418 388 1280 
1183 1299 666 254 521 645 546 1386 234 
1378 1005 598 1125 1018 357 270 79 1143 
1353 104 66 745 75 355 169 400 684 
1282 318 659 588 32 279 1235 1053 370 
1260 133 410 347 224 54 218 1276 377 
724 893 1054 858 863 951 781 1145 510 
403 63 1110 394 56 1167 937 546 683 
139 342 1123 973 90 1209 1317 941 1132 
1160 712 856 1398 640 828 197 78 42 
288 516 948 307 917 1411 1352 126 710 
640 1257 1088 816 1371 112 641 504 1196 
1338 1302 573 181 158 740 930 334 650 
1199 81 823 525 1120 798 188 909 450 
862 1038 1352 1282 848 862 167 1107 1000 
1040 1364 1192 481 423 1301 133 315 1313 
1206 491 284 945 186 241 148 615 1061 
656 117 360 637 521 559 1392 838 921 
253 667 712 880 1151 1106 1063 557 1117 
518 862 531 22 538 1134 1241 105 886 
1020 657 868 1409 603 576 681 1200 1233 
1214 156 816 701 221 546 1015 77 301 
1068 363 1116 560 660 1288 1068 342 378 
211 675 742 477 1346 1328 314 634 662 
1134 896 464 1201 1187 1419 1282 346 77 
1177 1134 747 414 19 1126 848 258 999 
1353 1277 210 646 438 88 140 886 7 
1085 513 587 981 1397 805 1067 1279 828 
271 1344 1165 1148 1057 1249 1206 600 768 
923 216 985 358 1055 321 43 694 521 
397 213 106 106 922 224 1209 170 538 
1159 916 160 198 336 553 313 1287 858 
1301 1377 63 196 987 1204 1295 1107 1371 
1165 1268 1220 7 710 185 748 1050 342 
1248 557 204 385 1347 522 85 764 1321 
613 718 712 1237 585 387 1384 681 645 
420 458 560 786 1279 393 157 706 481 
527 1246 1128 1347 811 1328 61 380 999 
731 339 494 369 1062 1263 1384 944 47 
82 413 459 381 475 1053 518 1343 1322 
729 328 277 686 1187 144 1085 200 1277 
339 1330 1034 654 502 908 510 752 470 
1381 1272 543 286 170 966 1052 690 709 
34 143 637 764 1150 1260 568 1089 183 
828 795 518 382 443 1052 763 232 135 
554 327 427 446 286 1082 96 345 586 
558 1281 513 1264 395 1285 1139 1217 789 
979 52 682 788 1415 360 53 977 466 
1280 142 1156 735 578 221 1001 1147 1281 
1381 243 49 9 806 918 31 343 464 
1315 388 954 1206 73 426 660 847 871 
379 372 1328 248 575 1339 737 117 212 
1059 1406 1266 510 526 399 914 672 92 
793 988 527 303 585 871 131 160 1003 
778 287 1416 861 0 173 244 1002 717 
844 818 503 1213 1057 647 154 477 219 
1232 1127 659 1024 189 1106 856 305 29 
1366 1297 574 446 858 1153 619 111 1212 
975 1355 1386 438 472 1196 464 655 141 
207 506 740 1402 1096 1402 943 268 1114 
529 11 13 887 980 388 856 433 854 
380 270 824 1011 1351 439 788 371 665 
221 260 1366 690 293 1188 1123 91 821 
1235 593 1316 1348 349 1412 528 424 1096 
526 406 1348 1219 38 869 697 512 255 
931 237 359 95 487 718 1179 57 171 
462 553 124 1165 238 209 1321 21 423 
1015 429 239 786 351 1264 1120 803 1414 
745 1266 409 1408 1161 152 1227 1126 195 
1390 946 174 884 280 16 553 256 845 
791 925 690 1223 1256 221 28 1353 819 
784 394 1085 586 1067 1363 428 303 868 
51 1173 393 897 677 1139 1063 806 926 
663 1 1076 639 677 390 1089 1211 926 
84 164 267 357 1059 46 597 90 1015 
248 93 1018 111 96 997 1169 1002 503 
185 723 825 801 1408 764 1189 1246 505 
1090 898 14 693 1360 1124 1177 215 654 
1100 829 306 740 1224 1281 499 289 364 
785 544 946 860 769 490 793 508 631 
883 1406 79 1049 521 377 1061 259 1384 
317 746 300 1377 1095 88 132 279 75 
1408 678 1139 1178 420 288 327 807 941 
1098 1190 222 872 945 1055 1328 719 887 
466 50 852 1416 452 844 139 804 764 
171 1159 1361 604 504 1280 189 887 827 
756 427 742 711 377 849 1418 705 660 
1093 1169 1013 1087 1218 350 991 688 440 
921 888 355 1376 228 632 1214 824 777 
491 306 409 535 616 555 492 993 1198 
1129 584 260 212 1180 936 1343 938 1103 
99 901 370 938 285 1140 679 1147 834 
761 530 852 1069 825 667 64 989 938 
482 321 1402 1047 828 797 1262 1366 404 
213 269 903 904 28 940 1318 395 1016 
1332 1385 11 66 472 837 677 857 750 
618 1230 170 169 397 875 132 185 299 
1125 127 1021 281 19 402 741 201 503 
474 1348 1154 1410 1113 853 1078 1091 32 
1357 212 397 1161 600 1192 446 53 1033 
422 1236 542 270 1114 794 714 706 286 
632 508 1177 909 338 1124 1311 709 73 
325 1082 66 250 1258 692 1184 223 208 
754 1415 857 411 654 437 9 756 606 
760 999 616 487 1146 187 230 357 430 
973 1187 1014 898 1388 996 381 334 1091 
1296 681 828 1419 198 862 1209 98 406 
936 1183 1336 722 337 1165 1420 1020 1174 
989 585 454 578 77 996 735 973 1240 
623 115 1031 738 311 1024 54 220 848 
743 679 390 268 536 134 458 998 748 
1353 1226 14 777 836 41 792 749 202 
1226 703 1090 262 691 1318 956 219 76 
589 188 1004 920 380 136 864 1044 1070 
703 464 298 1209 251 560 1253 248 855 
1255 442 1234 153 1247 1103 960 669 289 
1368 814 668 1166 255 589 599 794 117 
1342 48 619 1103 906 490 35 1108 308 
980 1264 372 1042 159 1207 1250 693 218 
1225 66 62 965 341 742 1388 1221 645 
851 1015 92 1009 985 1337 638 1129 1009 
252 902 119 109 1145 936 933 103 335 
256 330 737 137 646 676 796 1270 743 
1274 602 19 625 531 740 738 396 313 
193 697 938 896 1135 736 1251 845 780 
733 414 228 789 1390 670 1078 446 375 
1132 440 1087 1011 1239 634 390 416 366 
620 1079 416 254 1404 812 568 250 658 
367 249 1297 794 466 1406 679 636 580 
234 1022 456 534 1199 441 1280 1139 265 
995 537 533 1173 164 1237 776 438 284 
1054 607 1256 621 1173 335 1105 173 467 
418 654 458 567 270 1406 609 228 1262 
380 1027 629 906 125 593 481 1268 620 
329 432 322 1374 1064 573 1087 1353 891 
1042 107 646 1173 46 92 689 702 692 
283 1339 667 1291 228 290 465 1343 617 
1021 99 1320 418 821 586 1051 1181 465 
941 245 982 386 365 856 1079 159 148 
1009 300 1372 497 440 753 1287 791 990 
539 1367 898 821 1106 1015 1406 7 546 
1054 505 1396 584 1383 963 706 368 1338 
803 202 1376 1151 1383 1188 358 1199 1113 
1036 778 659 595 1053 1418 1012 376 38 
972 608 1193 655 1389 454 932 56 73 
639 1165 392 221 1108 1163 915 680 1224 
371 1193 229 1187 912 132 987 207 1078 
743 220 140 800 1017 877 744 404 1077 
973 1243 210 65 355 104 1231 435 334 
757 991 107 323 360 1091 1189 884 1321 
1154 1267 866 964 29 21 862 560 629 
941 1199 843 778 389 126 474 983 364 
762 1307 1009 268 331 1082 1415 1201 857 
1300 673 907 1239 269 443 1252 898 746 
662 1237 1331 160 1039 655 420 1336 887 
968 253 124 642 868 1260 15 984 211 
60 1398 1164 1360 500 123 799 1226 553 
44 1242 445 946 761 655 1254 365 295 
223 1271 1043 307 941 934 201 1019 1252 
120 1123 39 773 489 222 1407 656 516 
1188 997 98 130 1112 525 1121 1176 1154 
1031 1103 414 271 951 945 1387 82 1055 
372 654 875 604 1028 814 663 629 603 
839 590 962 1315 1080 165 54 392 32 
1147 1179 65 393 337 1076 1235 1040 858 
1361 117 281 370 1225 545 821 1385 142 
869 855 279 660 1218 975 1017 720 209 
1356 1216 430 794 1232 412 650 1067 1307 
701 1103 820 849 460 1140 576 1211 734 
1331 1068 82 263 198 425 728 1392 433 
975 671 1084 993 533 897 349 338 1265 
632 60 140 132 241 678 838 830 1395 
1070 1242 740 802 1339 300 1333 819 157 
1060 891 525 556 357 1114 852 1023 456 
465 437 700 448 1115 1180 798 669 95 
1294 1160 1409 529 1309 496 129 55 618 
1013 1169 1334 304 1168 1049 587 1216 831 
538 178 1060 235 479 880 699 926 32 
958 813 231 835 1161 286 570 22 933 
314 484 13 266 181 953 268 1123 551 
429 1077 204 920 467 292 907 247 1260 
521 1061 183 936 478 617 651 980 780 
610 1186 884 1375 172 730 525 41 990 
104 999 380 107 377 223 1285 548 417 
895 8 1215 1107 442 497 1170 1182 166 
1285 898 1414 559 385 531 531 904 1342 
782 486 557 140 878 637 198 151 1247 
98 1032 378 1419 1335 735 521 605 1109 
627 900 752 1049 244 954 634 672 7 
1217 224 768 702 424 1285 1307 192 190 
48 601 136 1054 38 561 511 588 73 
569 313 707 31 1223 1186 1280 716 800 
310 1390 314 10 701 420 37 1243 95 
1069 118 902 802 596 958 318 1155 381 
978 555 614 1376 733 933 1035 876 1305 
23 103 1240 642 198 480 117 816 1097 
1395 394 1381 1357 206 193 606 732 1172 
1369 507 411 511 1123 720 1328 901 534 
485 42 31 31 35 155 221 464 471 
575 1108 121 1078 1149 780 348 498 964 
1128 1033 357 385 25 446 223 17 997 
369 203 576 505 766 253 205 746 1372 
1155 1142 1376 731 532 672 769 251 37 
623 1372 110 1065 528 1057 19 846 880 
913 1192 1202 801 1157 1378 893 919 586 
1120 1227 1192 855 912 186 758 1330 314 
331 1100 777 515 1206 1043 1343 208 305 
293 979 1167 696 1146 323 813 1039 168 
1345 793 780 986 1333 749 727 1194 273 
1203 833 819 1399 498 1141 684 1334 709 
82 126 546 412 250 680 535 435 663 
1213 751 985 1221 1156 1107 507 1234 1407 
1232 439 180 262 1079 1188 1069 553 690 
545 449 866 307 634 149 264 120 943 
573 916 1013 223 311 138 829 1097 1105 
1384 1026 1289 1278 637 629 770 49 372 
92 549 343 64 228 429 1321 346 1163 
545 474 197 90 543 1249 596 1196 144 
854 260 877 1314 902 230 1134 1406 1290 
711 760 1078 999 1400 984 94 501 338 
576 963 412 368 548 800 70 784 445 
9 742 447 810 1004 968 708 674 1128 
341 764 1162 762 425 65 1250 921 464 
282 865 118 1144 130 95 877 407 955 
85 1171 1161 133 388 64 1264 394 386 
1265 1167 5 751 317 1081 499 204 587 
282 207 577 1262 990 65 1074 738 480 
654 229 721 1079 193 265 1132 1391 785 
1165 1161 576 965 1283 754 1122 723 342 
993 29 272 1278 110 164 414 473 1141 
945 328 1209 329 1035 1296 1295 489 91 
76 817 17 1373 630 545 933 953 1203 
25 481 659 264 659 295 1177 1408 501 
976 211 245 849 1416 1215 474 1288 129 
873 447 589 11 608 382 298 1106 528 
1327 939 767 1206 936 591 253 377 736 
285 222 670 986 831 701 946 1032 490 
967 137 463 1014 559 309 68 227 1175 
620 346 796 508 517 8 1104 1096 1032 
1359 392 62 325 881 812 1310 7 862 
1271 831 794 613 171 1274 59 539 1021 
960 266 1346 128 447 580 212 67 649 
395 856 1205 1355 1310 1251 761 932 747 
1176 56 200 253 759 1332 208 42 656 
68 22 1358 521 997 856 1196 319 689 
66 669 748 137 847 111 182 485 1045 
641 945 108 112 991 1031 832 1030 343 
1132 243 635 191 952 465 554 674 1236 
1267 1078 334 77 713 1120 205 645 1372 
412 206 607 161 621 876 1100 1288 1178 
1389 1247 831 952 584 1329 1092 981 593 
137 1180 755 1070 1013 127 283 73 248 
1079 793 1389 1255 290 760 797 438 58 
39 30 464 678 859 766 795 307 1279 
905 216 1133 398 936 1186 542 352 455 
959 1205 74 1235 11 1398 1111 1084 166 
996 611 1385 667 1072 875 831 91 1028 
820 529 463 405 955 1101 26 1277 38 
873 728 620 190 1108 784 1154 1096 1254 
155 898 40 1338 432 476 18 1037 1097 
1294 578 536 1218 248 22 1167 0 551 
320 1370 607 1154 289 176 612 1004 1048 
394 1278 17 833 1002 59 58 91 1341 
97 217 351 1416 249 800 894 386 220 
1213 1304 717 193 758 132 609 156 42 
29 393 385 1150 387 280 932 581 1330 
1243 607 375 1215 1287 1399 1024 1269 740 
762 643 871 332 1267 810 76 1299 1193 
739 838 965 694 384 949 370 1058 453 
1412 1102 130 591 409 278 204 62 944 
630 1101 1099 704 514 1380 1402 1389 782 
516 544 294 425 1012 1202 628 902 828 
408 299 61 414 745 1002 592 774 532 
390 503 1150 1140 1237 434 342 608 814 
1111 845 17 217 1115 1383 1028 184 1299 
1062 830 711 593 1139 762 617 509 1185 
283 410 1081 1281 183 1009 139 1108 14 
89 102 899 1018 654 538 26 1044 881 
1272 254 557 1287 577 662 551 994 479 
883 294 779 386 622 401 1041 774 7 
1142 688 784 539 989 820 286 61 1318 
301 554 108 1312 1049 849 839 354 196 
1106 1038 867 589 102 91 1187 549 759 
182 1133 542 605 300 553 1137 1340 1347 
1117 1077 645 858 1297 42 981 793 665 
169 923 211 672 1386 387 639 747 921 
272 715 1096 262 1156 536 276 970 1151 
858 1145 659 516 498 836 935 503 641 
691 212 116 571 853 1178 1351 1242 99 
1369 1355 192 1085 58 55 697 1325 397 
305 792 984 469 385 349 5 612 549 
806 1297 811 636 1370 341 1106 1108 375 
346 956 995 113 198 656 1007 392 756 
1405 824 854 1221 672 135 1225 717 887 
293 172 299 391 941 399 1408 806 448 
1092 1246 154 682 917 84 700 1040 78 
725 547 208 314 30 786 1256 127 1413 
1398 1242 801 825 406 1226 296 689 479 
1376 1344 1318 615 255 1136 1119 451 1378 
547 1092 1334 499 781 1021 778 1355 924 
1356 1043 231 588 394 320 486 757 644 
385 1235 871 231 32 666 16 356 585 
971 1145 470 1075 647 938 302 486 513 
911 733 491 1217 251 490 1380 698 238 
587 376 44 92 281 293 891 247 967 
856 1221 321 184 742 941 481 1304 246 
1284 183 1188 620 36 847 247 365 524 
1029 946 296 500 1390 1116 1085 265 463 
741 1383 431 966 1050 571 92 437 645 
380 399 76 81 1333 1318 176 596 65 
276 1103 522 1067 709 405 347 10 599 
953 91 1175 672 378 904 1393 845 1356 
290 684 488 985 830 232 976 563 1030 
592 314 975 1289 387 284 1349 306 692 
359 372 266 980 671 555 57 604 1354 
1118 1250 383 1105 480 650 250 260 389 
904 1304 1393 470 1011 1132 74 364 639 
301 843 1367 863 829 1250 575 397 633 
928 826 808 918 298 1400 825 1176 295 
263 259 286 1042 1150 594 1285 1084 766 
1078 32 996 878 926 963 300 465 230 
677 261 594 230 89 219 779 716 703 
318 465 677 1178 934 581 933 69 24 
476 232 301 479 676 670 798 1401 1356 
534 706 1123 407 1221 143 994 329 1192 
1073 815 865 320 1321 392 1318 403 1127 
599 741 1306 1126 1140 118 192 446 703 
422 973 847 28 336 137 55 82 629 
586 16 1280 763 306 416 100 903 77 
689 1015 341 541 1308 874 27 436 1185 
167 419 862 760 1243 396 102 902 211 
356 1254 1264 658 516 1357 1281 1226 833 
786 1259 902 124 1075 480 1292 639 1323 
702 931 930 857 755 496 1023 1164 461 
1169 221 935 271 1369 525 909 326 130 
300 997 1323 1385 868 323 122 1109 725 
637 1309 1332 248 615 515 282 812 234 
981 418 233 347 518 305 1293 1155 1376 
520 1083 113 364 1237 325 160 1016 185 
189 1273 1325 1081 1071 342 1256 1177 748 
568 795 1404 797 175 89 451 305 994 
431 1379 257 172 193 813 140 863 1155 
5 74 749 816 1048 692 181 434 1252 
537 844 1293 466 545 800 1 446 411 
11 951 1292 531 1146 402 1010 663 671 
771 428 1416 1232 801 862 879 654 1121 
1387 321 1035 1144 633 238 450 725 1318 
677 173 803 393 960 260 424 18 42 
1402 1166 660 246 1167 299 594 356 608 
173 512 1312 1000 792 946 317 82 1137 
1249 959 710 389 1409 177 1095 852 1253 
993 93 431 1058 89 871 1023 370 678 
81 409 695 1395 989 122 957 463 1386 
78 1333 153 1242 1233 798 1367 995 805 
811 1167 677 414 545 574 208 30 871 
788 923 198 623 1025 286 664 575 1037 
1129 663 889 540 181 225 941 901 614 
477 749 280 962 267 1271 355 153 1414 
856 321 779 326 326 873 1335 803 434 
433 246 834 138 865 535 585 1318 676 
666 679 126 1294 611 1005 311 1379 732 
1160 1232 596 1325 318 1147 482 921 580 
687 110 352 758 1247 678 592 752 258 
843 528 363 1334 546 275 111 852 493 
246 821 1122 1071 84 1237 424 1417 125 
1342 573 895 231 348 100 794 1400 1396 
731 1264 460 840 1378 259 545 607 52 
1416 1415 1092 796 677 1169 630 1395 574 
1266 406 999 930 412 498 554 947 1306 
969 939 229 1002 1188 434 892 853 102 
153 185 1155 1074 731 84 978 365 567 
20 1285 1344 76 881 808 1087 1334 437 
1180 240 617 363 982 1189 1004 537 520 
169 31 513 112 439 1016 920 1395 616 
713 956 94 1257 1114 90 1253 1332 1386 
20 748 1193 990 1367 915 356 386 690 
212 561 314 847 649 884 81 1257 711 
294 374 864 477 1085 1245 746 47 635 
197 1109 1200 433 118 102 1026 56 899 
1037 669 575 518 671 1201 600 1114 1015 
142 1268 500 1035 865 871 403 307 163 
432 1290 454 762 372 1214 1345 1129 635 
305 763 739 1070 416 638 1228 146 1126 
89 1292 160 120 1078 874 756 511 1279 
1023 246 1051 2 763 223 356 1312 121 
1145 60 504 125 1009 516 1143 36 1130 
1322 140 35 1265 855 492 129 1236 505 
205 1091 642 218 1001 1249 544 414 208 
1176 1276 505 947 1150 911 628 662 230 
265 934 1388 267 660 47 119 366 1387 
990 946 576 17 329 989 537 261 53 
1060 420 1343 865 826 847 1022 775 705 
364 398 271 1273 846 454 1354 890 444 
19 220 290 641 142 643 888 118 850 
763 63 758 544 1238 1116 1121 37 1276 
1350 970 414 963 1201 801 848 373 1224 
338 1263 0 708 743 235 515 1290 182 
208 1300 562 194 1180 702 246 1237 570 
1098 381 452 1029 975 1149 5 996 737 
541 258 487 686 793 336 1168 52 120 
1029 796 1287 74 1292 312 883 698 345 
481 335 1110 634 1012 456 972 451 745 
1147 820 1234 381 449 647 424 175 712 
974 802 699 158 818 1181 444 1360 19 
1053 1208 1264 837 1163 1098 920 748 1076 
42 1384 436 1056 333 1001 1306 274 481 
684 1094 729 241 14 685 1167 792 584 
255 614 322 816 653 350 353 546 155 
533 367 295 295 549 1202 58 1229 1368 
301 361 258 382 946 375 75 986 599 
750 990 84 1098 335 88 277 1054 1000 
1340 1335 1211 525 1368 3 765 471 1319 
1323 111 1357 1404 1419 1036 1102 230 1404 
37 241 520 1010 893 527 603 1396 404 
1273 1268 667 903 461 1208 63 940 203 
1238 363 611 934 1248 364 656 14 986 
54 825 250 952 1317 868 114 588 77 
1071 1012 975 47 43 609 1339 438 948 
441 441 721 966 145 1224 1010 1246 1304 
804 1270 941 1068 859 1267 1076 671 642 
647 1292 870 417 507 612 1327 473 913 
389 1212 378 1137 201 43 372 1337 310 
215 834 1373 371 824 164 106 965 621 
221 1033 807 690 600 1225 1194 746 521 
49 1 1403 935 1357 407 688 1325 661 
794 604 199 1141 22 907 1315 1178 25 
613 1148 703 143 861 358 472 1061 423 
198 1176 308 454 540 680 1076 936 128 
1031 1124 1310 220 787 413 122 1173 499 
1225 653 796 167 307 590 1271 724 510 
382 869 300 1080 201 1325 935 848 149 
1406 580 814 1394 694 8 1004 1138 1141 
1390 1144 718 976 787 551 84 1335 646 
778 1335 1349 248 1420 304 758 779 240 
1248 966 373 1368 661 497 994 793 1092 
468 482 1065 1000 1313 366 920 1116 629 
561 1365 992 1187 1344 1129 1173 386 246 
1343 1207 910 85 832 315 1092 499 79 
726 1340 479 1237 133 1292 136 746 196 
1067 1335 956 582 1220 1382 962 828 97 
97 693 1228 1231 69 285 264 659 908 
854 612 626 462 1102 839 798 347 1177 
1067 58 805 1199 135 967 832 554 709 
561 1300 573 680 23 16 739 259 208 
254 891 1201 68 136 192 96 107 1410 
1038 763 724 536 904 545 416 1395 699 
275 1322 955 909 780 39 1057 1391 361 
1374 625 302 70 177 437 351 1141 1113 
1365 869 621 562 198 242 918 822 574 
46 95 420 902 197 428 545 175 787 
1331 608 1267 427 913 383 269 285 312 
915 1182 479 181 1177 767 664 1027 929 
1000 1367 861 1388 1227 669 1189 56 710 
175 568 1034 148 1070 250 255 443 678 
61 833 1181 632 303 396 72 407 756 
506 822 1143 997 1387 347 1003 228 10 
640 745 1016 921 1272 550 733 482 148 
1207 1357 266 299 1219 918 231 22 534 
136 709 950 1046 1190 1055 703 195 686 
252 671 354 727 507 1131 305 341 1000 
918 306 65 281 1381 1049 287 443 1180 
1374 505 342 1355 1267 57 126 1227 365 
1154 853 1200 913 18 1284 579 430 922 
29 162 1322 69 392 1097 972 1204 830 
499 1107 1037 1232 539 164 142 720 1353 
997 1334 973 140 199 758 1127 355 1378 
186 1237 612 733 1061 489 847 1142 892 
1200 112 406 218 845 880 1206 1363 1233 
1093 1370 197 387 855 481 362 132 1218 
1108 1326 419 231 1340 69 1127 693 1293 
595 299 263 433 454 1403 449 312 302 
1170 127 229 2 1293 438 327 31 846 
1374 855 799 646 636 50 739 716 743 
190 736 1065 503 111 1267 473 1337 1363 
192 323 500 1031 308 523 876 868 1011 
1208 325 1390 17 1339 1327 14 1353 785 
682 66 1047 1309 151 1259 1403 707 686 
760 125 1378 353 91 69 159 343 314 
32 559 409 815 695 616 1296 918 812 
277 361 456 745 103 557 1254 458 675 
1353 632 1122 451 1398 584 1215 341 598 
610 356 350 368 829 339 311 743 1194 
1300 580 809 1299 360 628 79 874 1342 
1320 638 831 1218 914 198 657 204 102 
307 435 351 471 529 94 39 1313 1350 
1214 992 986 730 904 1003 851 369 639 
1396 183 950 942 286 1136 1303 418 1057 
755 755 490 101 1393 1314 365 957 1051 
28 256 952 1212 59 863 1001 1291 702 
813 1178 717 1277 787 590 212 1319 388 
822 524 1104 829 308 760 364 1068 485 
36 1140 210 1304 1089 1172 698 776 289 
87 155 674 708 801 103 739 508 563 
244 485 810 1265 660 874 988 788 504 
685 96 956 394 371 900 451 205 539 
1212 387 849 538 513 313 763 218 1000 
1083 611 104 18 721 619 945 494 1151 
918 1056 806 370 698 1184 1115 1347 1386 
165 1142 568 683 438 791 293 291 1231 
1087 1412 849 1335 351 558 1345 871 1155 
194 354 1027 291 822 437 903 1311 552 
1269 130 443 238 380 370 1269 290 279 
802 811 989 936 1204 729 722 345 280 
51 926 232 851 1334 48 448 405 863 
965 1106 751 363 448 1193 1020 1366 691 
1314 1279 1333 633 1310 707 1020 555 696 
1418 1048 1300 182 1206 648 784 1367 1020 
1021 362 1193 494 1208 99 1173 1040 852 
985 690 760 351 22 969 46 227 719 
1121 735 168 583 818 609 1089 1264 813 
388 1029 791 1068 553 787 1367 1262 1022 
561 48 559 387 885 122 141 385 25 
199 804 610 571 311 430 529 1001 184 
952 1006 283 271 267 1242 219 575 549 
173 1135 228 144 755 414 424 225 133 
1195 554 494 60 574 481 610 694 1181 
888 702 1101 926 1180 1117 496 1291 610 
528 373 128 17 20 526 302 455 722 
1002 608 1403 1211 772 267 128 281 926 
373 617 1097 4 1159 417 131 395 127 
1216 225 803 1092 27 1299 1283 1053 618 
398 1110 307 1269 848 1213 632 213 129 
552 906 633 512 792 964 1196 1347 961 
1405 1230 1225 173 485 496 1122 178 714 
1376 149 391 202 616 642 361 1218 746 
573 351 1388 311 1119 701 91 337 192 
60 903 334 116 139 647 1109 1023 623 
626 698 223 862 187 269 414 1367 1225 
1308 433 31 1372 880 874 799 231 385 
492 182 776 1272 1078 986 1105 88 528 
619 901 527 12 861 927 241 797 117 
1267 171 665 153 281 1322 310 1328 147 
1166 185 857 199 776 907 995 746 229 
348 92 1344 379 945 291 752 192 1290 
1115 1136 386 1010 103 579 610 577 877 
1034 1150 627 104 1052 365 843 987 702 
1067 1171 902 1085 484 157 1170 1397 1246 
1185 1211 941 33 629 98 749 829 249 
297 1276 506 869 648 967 1021 664 1417 
1257 145 690 908 960 511 640 267 942 
105 323 874 1328 471 11 307 1053 1179 
916 912 1090 844 1173 396 1065 516 200 
390 464 881 1234 669 580 1369 190 275 
1195 417 295 853 1004 962 835 586 840 
1142 910 1041 1150 1257 1049 241 1255 167 
999 555 1119 1031 1309 102 335 557 1292 
1254 330 1238 1330 330 642 918 667 1002 
630 1188 1386 250 473 553 1075 1283 479 
511 453 252 273 366 637 1087 1188 214 
1302 738 939 568 2 870 845 438 1138 
506 864 315 1044 175 627 359 1241 1041 
466 695 1318 366 900 463 1067 1369 987 
85 323 426 251 667 1364 426 360 506 
1372 652 295 1304 566 1309 1034 985 671 
826 579 1418 1114 215 936 330 813 1234 
173 407 650 755 485 1394 322 33 575 
217 982 1170 1192 1127 324 662 122 49 
1309 481 1399 1116 83 1254 383 1302 1164 
557 848 678 445 897 540 1401 724 1150 
689 1025 43 825 1385 940 723 82 1412 
870 688 377 1043 497 1279 159 405 657 
1300 478 266 388 1033 717 936 998 284 
208 709 616 209 364 185 13 388 508 
1162 1241 1362 917 1072 690 337 356 1273 
625 681 602 196 840 714 953 435 453 
760 1026 212 693 119 1128 1214 355 995 
1009 38 1408 1139 906 1051 81 130 760 
604 1199 155 1034 503 802 548 617 537 
764 1213 696 690 1016 226 773 863 291 
337 1268 260 939 917 299 825 973 303 
271 868 896 986 1132 379 822 853 511 
328 1345 1400 421 565 1113 404 334 987 
1154 1191 1093 132 245 1232 1241 267 205 
375 513 1130 729 1216 75 886 1206 274 
473 1314 43 21 805 889 408 855 1098 
1291 1299 96 405 1237 693 388 731 1046 
1306 1286 1018 517 312 964 562 1300 734 
143 455 813 0 1207 74 876 1320 47 
659 1205 957 1292 926 1359 847 779 396 
326 1321 715 720 138 251 1170 84 119 
711 274 983 577 605 713 590 928 893 
214 1279 1372 1173 363 1281 1156 796 1128 
847 408 1068 1076 399 209 1242 936 783 
902 232 386 410 758 850 1185 643 397 
941 1200 1290 1361 553 16 591 1091 44 
678 819 857 783 513 1388 1133 287 962 
297 1188 749 939 360 465 34 1056 235 
358 689 229 701 16 28 4 722 339 
997 1123 682 854 378 1410 502 1081 591 
715 1101 724 231 1219 1128 1156 133 613 
124 1199 512 359 255 249 693 576 951 
285 761 440 1276 620 1400 467 670 300 
1369 1019 546 442 722 47 514 626 1246 
1343 317 265 1290 12 1105 139 301 460 
895 1005 140 850 1118 1191 251 462 1241 
249 601 187 1265 1224 684 786 259 308 
738 967 138 986 1090 57 548 605 738 
988 415 688 896 837 1177 1104 537 1106 
1004 640 43 393 741 1413 931 408 106 
846 160 1278 948 239 1266 1165 1363 475 
1046 1404 400 1350 421 142 1417 973 31 
1064 687 1281 45 195 594 1372 104 461 
538 37 843 137 518 838 992 385 489 
1391 893 211 482 810 68 1320 1408 109 
932 1195 237 1009 1395 999 1153 941 268 
324 424 1386 500 235 150 850 1096 458 
283 587 1117 925 1142 104 1068 1065 565 
1372 1218 1412 58 223 214 690 392 683 
370 159 154 1306 1363 1217 1080 689 895 
1214 91 858 1358 1017 594 449 932 1176 
442 558 71 1329 888 187 1358 1224 59 
260 1024 978 1115 1103 556 1264 902 641 
1289 1183 786 1044 1254 551 312 511 254 
619 213 1088 537 191 910 952 597 478 
654 1068 136 1240 404 878 900 265 990 
13 1224 611 475 1407 961 26 110 1031 
843 744 565 1003 503 1166 261 1350 1316 
799 1059 1404 1050 185 801 795 359 765 
500 777 419 501 795 21 406 861 358 
622 592 145 200 1292 1033 589 544 490 
321 1213 50 1213 861 876 1400 308 192 
617 1189 856 304 113 766 1340 776 458 
435 683 138 956 728 134 688 1090 527 
330 554 894 1345 963 1128 836 556 640 
686 380 643 1141 317 194 411 4 1120 
253 1383 461 1410 1314 31 990 1312 761 
948 3 204 11 953 875 761 294 563 
256 690 1257 340 1240 842 824 1115 1367 
163 433 1048 831 676 884 1120 404 450 
803 512 569 1258 820 192 1272 1095 963 
818 1268 776 1290 967 442 1221 1343 623 
476 783 902 1164 404 560 535 1091 623 
490 551 5 487 1003 1210 806 604 1131 
1153 936 1370 28 232 1330 595 894 328 
1348 379 168 632 431 851 915 880 1258 
862 757 1091 1337 1369 1319 149 617 680 
516 179 108 121 261 1089 1376 944 1292 
565 907 114 1011 986 499 1131 1277 1117 
1401 455 1352 448 1127 1006 630 1385 1369 
799 591 982 1194 1411 447 1162 1062 782 
828 571 975 1302 358 1303 697 381 46 
658 1302 1037 893 702 422 900 1234 1007 
774 1251 9 670 1332 1313 700 1359 701 
1110 378 729 107 656 602 1188 1078 1173 
681 1095 121 726 322 454 245 581 651 
992 217 732 581 287 1024 626 550 1335 
1314 212 813 219 455 1141 823 37 1123 
503 240 1348 601 914 1118 1034 208 1301 
824 1164 515 246 874 508 865 446 297 
405 435 1341 1159 693 238 575 170 178 
552 1412 1387 823 5 48 1022 897 710 
695 235 338 953 1102 566 1245 385 104 
354 429 468 1255 994 1214 783 255 937 
308 819 1329 1154 644 166 1309 185 662 
1406 1027 1171 558 270 616 870 1391 294 
675 1279 1135 836 384 595 241 653 404 
1129 1017 1310 768 878 412 821 63 468 
727 242 202 469 479 28 434 855 1415 
1116 501 648 321 31 48 27 1390 778 
966 432 1130 610 1024 933 180 1129 802 
44 607 1067 1211 1197 1292 472 608 909 
243 265 273 657 853 1018 1411 1107 224 
290 526 642 1000 816 217 1074 639 447 
998 881 1024 77 262 787 762 176 387 
1262 112 1247 669 1344 1413 577 675 751 
1133 190 935 923 1192 162 1416 1215 1009 
29 1128 338 47 936 553 63 834 961 
497 785 248 1199 891 1286 272 262 1389 
1096 1374 542 125 919 900 916 1290 295 
64 247 1337 995 426 1269 1133 761 855 
257 1098 1259 60 1345 279 65 1011 1251 
153 810 187 1045 923 10 640 1119 1367 
32 361 211 827 599 788 354 1086 350 
132 495 452 1098 1031 459 1396 323 434 
191 258 697 645 884 401 281 196 660 
405 557 157 847 833 1156 307 440 96 
1174 1003 809 1375 938 1080 1319 1278 1231 
888 566 221 819 108 708 670 334 528 
1106 943 197 957 1119 372 80 1156 1376 
803 709 767 1128 709 1214 176 129 78 
402 283 21 486 734 786 426 703 80 
136 1213 768 630 149 11 664 419 295 
1239 400 798 1071 1406 750 1342 394 1005 
407 1067 1121 1286 1236 1075 1201 309 1161 
756 1035 1020 994 191 2 421 847 1134 
925 92 959 287 252 626 643 60 1209 
407 102 1121 1020 895 352 1247 265 979 
558 400 400 902 1260 1207 841 698 183 
1178 1018 59 1140 1163 810 1386 266 1074 
1198 267 63 576 351 927 551 845 612 
480 926 275 583 1194 825 529 580 895 
44 977 189 1030 1180 164 1224 614 99 
932 998 514 1078 1284 1142 767 766 1075 
1307 146 1245 46 931 58 430 1011 80 
517 458 227 219 27 259 1354 1397 183 
268 672 632 336 517 1361 911 1114 1387 
473
0 1 2 3 5 8 9 12 21 22 28 31 35 37 43 46 52 54 55 59 60 61 62 64 66 68 69 71 73 79 83 89 91 97 98 102 107 108 112 118 122 128 129 130 131 134 135 145 146 148 158 159 162 166 169 170 176 177 179 180 183 184 186 187 188 193 194 195 198 199 203 204 208 210 212 213 217 220 221 222 229 233 236 238 246 249 252 254 256 260 263 278 280 281 282 283 285 291 296 299 300 302 303 304 307 312 316 317 319 325 328 329 331 337 338 339 340 342 344 345 346 352 353 357 358 359 361 365 366 367 369 372 383 384 386 388 392 394 399 400 401 404 405 407 408 409 410 413 414 416 418 419 426 427 428 433 437 438 441 443 449 451 452 455 456 461 462 464 465 466 467 468 470 472 474 477 478 482 485 486 488 489 491 493 494 497 510 511 515 519 521 532 536 537 541 542 546 547 548 550 552 560 563 564 567 576 577 582 584 590 594 596 600 601 602 604 605 606 610 612 614 617 619 621 629 636 639 642 644 646 649 652 663 665 667 677 683 687 697 699 704 707 709 710 718 725 728 735 740 745 747 756 763 764 766 770 772 773 774 781 784 787 788 791 794 795 797 803 807 812 813 814 816 819 820 821 822 828 830 834 835 838 844 845 849 852 853 855 857 859 863 866 867 868 875 876 881 882 885 886 890 897 900 902 904 905 909 910 911 913 914 917 934 935 939 940 942 946 948 952 957 960 963 972 977 983 985 987 990 991 995 1002 1004 1005 1011 1012 1017 1018 1019 1020 1021 1028 1036 1037 1040 1041 1045 1047 1057 1064 1067 1068 1070 1075 1076 1084 1088 1089 1091 1093 1098 1099 1100 1102 1109 1112 1114 1119 1124 1127 1128 1129 1135 1136 1137 1138 1139 1141 1143 1153 1159 1163 1167 1168 1171 1178 1180 1184 1185 1186 1187 1189 1191 1192 1194 1201 1204 1207 1215 1217 1218 1224 1225 1229 1231 1232 1235 1236 1237 1238 1239 1242 1246 1254 1262 1263 1265 1267 1268 1271 1273 1274 1276 1279 1281 1282 1284 1287 1288 1291 1294 1295 1297 1301 1302 1306 1310 1312 1314 1324 1326 1327 1330 1331 1332 1333 1335 1339 1349 1350 1353 1359 1360 1362 1364 1365 1370 1374 1375 1376 1377 1392 1393 1395 1396 1398 1406 1407 1408 1409 1410 1416 1420 
670
cgibc
iffhbdecefgfbidgbdedcgaehcebfgcfbcaeaicdhcicgicdcigecedafdceeehagaegabieddifaehdfdeaef
hcfcihcdefdfcacfbddeahcggigbdfbbdbdecffgfdecbfehehffbagabdhdbcchfeegibebccfhegiihbaibgfdahbgihfhecabc
faifeebaahgdhabedibhdbahicdegdabcffbddhehccfhbcbiicbafbfagceighcffifhbabdfgchhgfbghbeaidifcbegbhagibhgfb
ghheighedcebbffcafdbfdeg
acdhgebaaehfcbdcgcicgeafgefbg
dhddhfgfaahbiiddgeiicdahafeegabddeddfdcegeacbadachcchf
gifaceabfaff
gifeidaahcdcbffichchgighaacbedabbdibbbicaegabihegdbfhaaddai
heibefebbhcceggchcciiicddfcegggfacgihgeeaicddaedeadicgaeibdhaheihagiadhhhgiea
cbbihahifeabceaccbdegdidbfahhhibgagghbfeacgibicggadaiaedceehac
iebbhcihabcddbchebdbbfaiaeiibbgggggffahhfbcbhihhaacfeihidcadidaeabdcgabdghffgccfaabgadegbbbbbccdadaggiffbfhgd
cchgcehahbahhbiaagbhgdfbfaadbaahhhdceibchehfdbefa
geecedbbacahfiffgbchcaicigceafbghihfdhicgfidcgcg
gfhibefcbcgfddcicafbfdagabadiaige
gdachiegbgigedegagdaabacaifdcai
fdedbgbidcigdhaaabhfedhdecgehiicecaffeaehbdebggedfgbcfiddfdcffcfbfaeghfcbdhhdcecghcfc
hfdfghebadehaihadhegebfafgabfgcdieggechhhdihgceagdgihhdhicchdefgcicadabddaaf
ifhiecbbbccdcdcaeeccccadcdhgehfcghghdaeebhfdbidicdbheicccdeiiceih
cceagfgebfdddhhebiagdefdhcaddafedeehhecbaaedgcfacfaceaabaggifegfadfabcidaiihhbihdaiahdeieeffihfigbaba
hidfgdhcdcdhbaiaheeiafdcabigaffbbdifhgbgbbbgbifaffafcfhfbdhfhgefacaidbge

bcicaiddccgbdcfbdgaiiiabhaaafhgibfhbhigbcafdchiceheigegacgahghebdhhibcdd
adcbbaefbgaaeaggeihiieefdchh
dcebafeieaaecdgahafigeahhiaddbbgbehhgbafbdffccdidegcfbiabgcebgadbbag
cffaaieaheccgebaggefebibcgeghahabhagafgfcehdfcfhagageeaadhchibbhaadehbe
aacfagcebhbdhcgcfgfgehbcgaeedgdeadgbacfgbaafieabegbh
hhighciccdgbbcdfibhbcaebhidfdgifhiehibgibachibcbgdfcaabfgggigciagfhaiideebiehddcdggaeagdfcbhcbagif
ihfagdbhhggffbcgiechehgegggb
cga
fbibgigfbihehbfhebichehbeiaahfaaaciahhfchgfbiagchiegbfcchhcadfdgbhggbgfefeggibcfecaaaidcfae
ahiebidiaihegigfhaghfcabe
ecdbfffcegccefcaiebacbbagfcffgfhaafddccbccgcefdddbbhfidbicghedcifeei
fbheaagadhcfdefccabcahbddcibhbbadecbafdbdegbbicffeebibeehdfcefdbagaadahghhebibeaebdediddddbbcceaifib
echdffagibadbebhigbigahdcaigbhdbicecfhhiadhega
agibfbhbgggfchecaagededccaagdbgdhdchgaigdaigdhcffhbhcf
gahdhe
gcbidiaahididhgacdhbieheeiihbdggaehbcgiebghgcaeifaicdcghdhhbbdcdfaadbiciaaebfacacadbiga
aaigibgcfafgeheacffaehichebefhgbgabcciahcgadihcgeicbbhghicaafdegifbeahcbifggcheaggaddegdfifcbibifgbegf
igbhhbhfegddhigabhbggfbcghecdabffdehahiebgbbiidihafbibaggheicbbgffidihbahghcifaibfgcifdedaigaccde
afhdeeigii
agghgicfgfafbdggbibfhgihhgghdfbiecfebgfdcgheigfdigbd
dibcihfaaegcbhhgchfdbaadfcfbdiafcfdeheiaebgicfhbghaacgedcchfafdcfgiacgabifbehhedbgebbeefcfaeiebhdegecbifba
daagegifgegbeghidahagcfaefbibabbeadeedhfbchfchbeeeediefbeicibeifd
dhifaefhefdcfgbhideidhbcahhfcbbaadfidiegeadiihebfcai
fchigdeiacibddeeaicddahefiagfihiaihcdcffafhhhaebbcehbaiig
gihhhcfhdcbcadehechhhbegfeedhacfecace
ecaggbcgbichcbbd
abcgcecceggidfdiiehgehcfcbhaagcffiiaeidbafeeceafhaeccahghcddagdbhhgaihbdagaihiagcabeiggdhigcif
hgigfdbhedbcgicfceffbhgiihiihcghabcifccibfciahff
idcabehidheicbfigbiggfcbegeggcideefaaegaafbfbbfbabigbhfbcifagbccafcfghdadchhcadddffegddddicdahgaehgbghfb
hfgigg
gbbgbcehhbagbafdabficbbgcaicihebhihfbcfcghhhgafdachcbdhgagfdcffecefdgdhfbbibecffiegbaeg
daacaiffbheahcebbabdhcdea
ibifddabcbidaeefeaafbffiechdibcafeecbbcbbcidcbfaceccggeefidcffcefcicfiihchahgidbbaiiaabgiicciggfdbibaddfd
fddeaaifcibcbhechaeedcbeidgadffhdaigaaebghhi
gdcfbfhcga
gdgbhihgefibdfbcchaedcagfbhbcdhehcbdgcgdehbeiciaafeffahdacbdgdfeedidcaacbcgegbgcaegcacbbbghgdddbahdfagifcgheg
dciedcaidcccbggefgeebfheagghidfahgcfhdfffigbfbdhifaggaieghcehbhfhgeccfehgbfia
ebffad
cebbdcedcdedfif
achbchfhddagbhbbhadbhhhiffahhadhfibhgiihdgiace
hbdgcifcggagfgecddaegcgdbdeabeccacfgdebhabegeccbfebaifgghbaeeggcgihfeibdbcchdghhaiafgbhbiefhgi
ahhedgidgadiaaiacgaidgeidfciibiffha
echeiiicdgdhedggdbdeb
cfffaihaceidbcfhfeheecheiihbbggicidgbedabecbafidabbgcbdbafgfibdecc
ceccfddcccgaeiagegdicdfabfggfhgbfhafccacgibccdfdiiceifaehbfaafcefa
gafbdbbadfgegbacdghheadiccadbfadcgbhbbhdhiegdchhgfehicfeceggdbdhegebgbafcbeedgidicdghcb
edggcdbhfffdhiadbhididchbebedeahdgcicgeeeiecacgbeacdigbabcbdhb
fhadggigh
cieabfabhbagahfeahgcgiigeggbefchgebihaab
i
hdibdheffcegecceahgeeedchffgecdbhhegegdfdgfhfidfdcddbbfebhccfcaaffefebgchghbahegabidehhhfcbbiaag
cggebfih
fdciaedhdfeigicahidiegbiaibecehhcabhaiibeccaeagcgeghebdbfbfggciefdgbiceebigibcfegfidbafiagiigffb
cgadhafaafdgbieiffdigcgcgefciigaiebebgdhcccebgfghhbbffiabdihaheigibabihhfggfdc
cfbgdiccicdbcddabcbcaeihebbbhaddhcdhfbhhbibeeifcefefffgccacbeceeaichbeahbhafdddifcfhgcfad
ahgagefdbbbhcebhhegaagcgdbhiedffheaddbbgdchcfdaceghcfihddecdeaedfedhbhbiaeihibciiieicaaghcidicbeh
eebifcgifedcacfahdegacffdeaeigicccfggeeacagddabagiifabcggcdhcbff
acfagaddbhadiacggafgcicficiafcghfbchfeeiic
ggchgbbbgdeececfhhcbgggeedbgehibafaihedfddedhdgahhacghaabdddgbehbhgdddcdabbfeaggbicadgdehfbciiegiiadgefe
eagfihcfgbabdffhbiabacgbggdggfa
dcaidhifaeicbgiabaccdebceeafcacffdaefbgifhheedbdgfaeafhahciddfibdecahciaeiiecabaihabgffhgbdf
ifabbaefcdcddbaggaebdfhebbgbebbfbibddihagadihdgcfcbbdddaehdibchbfhhgf
fafcfabgfacdffciefhhhibfhaehhfiicabchbhibihcfiahbidfbebhefihahehg
gediaabfeigbehidecgfdgbgcbcbgfdbiaidhbdfiiaaghbgigcaaffecbhfhbgdcffbfhcegfhgddecedaabeeafgffg
bighabheeagcacefbacegiibegcefggdeghbidgcgbeabgidhgibiicg
hhdhbhdgibhiacdcehagfhiabicfchgdadcibdfcbehhiedgdfichaigadgfd
fcfdhbdcaehcibccdcbbbaahebibebbhieacbefhabcgbhaffaffabfdffchfcbhaebifdfcfideeaeccdgggbihci
dgbhfihaaceiigdgefaghafcbiabafigigfeefchghddfgiicgdcbhifcdiagdgaiibeiaccifhbcadifgghibcdbcaacdddfahdffi
aabideicecbdibiidgbcffefadbfdbghidiccghdbehbfbacbfcccfcgdecaeechfgageiihgdihbfdabgfciaccaccfihcbggicbbgbeafdi
bdfdhhhihadegchchghafefggciigacagfccicciiba
aiabffabgcdifhidcahcggegaiceiggihfhhefadhfbehedhdffaigcefcbhhbedibffbfih
cfaeieaegcffhadhfddiaagchebghihceafiidefccabadhhegggga
hbffdfgdggafgbccgidggdhigcaaeaefcheicidffdbdidaagfdfbccbhafaaeaidiedbheeeicgeaihbbbaeagebeifafibgaggc
gfedfcbbgaghafbfbdacccgcebdaee
bcibdgiabfhc
fdbdcgbgeicacccibdaaedfabhaggcgfahdihghgdffdddhfefabhfgfhafadeiffbcahadgcbchgebhfffchccgd
chhbheecgecbgbi
ecceabaehgabhggeaehfefdheaihggcbfdfafcbcc
fcbhbbbiaagehfibdieadgcdaabhfabchhhfgcfchffgbaebhaeaifbfhfiaahbcbidadfaeaaebdfebefbhdbiabfdeaacgibcahebbbcdhb
aedefbedgibabhieeeeghggbhhdcdeefchhdihhbbhibiichbgdfdegegihf
gdbieeacdfgifhheficceb
aid
fhcdbfefeagiceccghehgabgeac
ghechiicicfecgcbhcieahcbaahgiadiheiiacgfcfeibhbeaeghdbfghbghhe
bhhfbaggifgcbcfdgbaddeeiggheeeebddhfhbddgahhgdefhgdfhfehecdgdcibdiadagbdhddaheedgdcbcaegbhbeedd
hibdbfghgfdgcdchifcbgbifhiciiheabhbihchehdbgcbchhbcbiahaegiddifigfdfaeaidefcgcfbgiihegibhf
iechdedfdhcafbeiheiadgdfaiiaaadghgbdacdieaffedfabbeceedidegdceeicbcfffeddgbfhbed
gihgfedgdibhbgeddiiifch
bdcdaeaafegfhagccgfgfegfggbbceddaaefddedibegeggaeefgaicfggafiidhbbacecdaeaafhbgedgcdibcdgffhehdefihad
gbbafegbhchfiecfiecbdfchdfeefiidcfeaebhcchfaiegdagfbaegcaagbhhiachgfdhdaidbbhbbdbgfabaabgfhecbccbhhdci
gefdefhgddiaadfghieibaabefhfhidggfdebabeddfagibgicadgaddagfadabibhieccbhcaieafifg
cahbhdbiafdiiggibacfdecdcdbiicehabfbccihaddacggedagibhcghbggidfgicdabahgcgfgffaacacaffhfehfi
efcdgihegihb
chdgeabaeeahchbgigchccecfagigicdghggfdeifai
chgfefaefbifghefidgeafecdcffgdahdadcffdiagafa
iacbchhaaibchggbhieificebhaihccdafigdeaagaiiddabaddaddeadbhegbighifdaifbgf
hbdaieghbacdhghfbcffi
cgbeefchcdhhcddbbgbe
acbdbddgfhahheiaeeaghadddhiigiifcgeeihibieiabeadiccheaghbccbceghaddibagbichghigafdhfabghhigd
agbeggdbhbghe
iad
dbigaaedafihighceiiiceahhccaibhidieabbehdbdahdfhfdecehfddhggd
dfecfggebgadbhebdefihaigcefecedhfbifhfachibbbhbaehhdageagcheehcgcgccifiihbaafhcgigdfcdibdbbdceehbdhiedihcbc
bdieieaagcgcdefcaaih
gedfeiiid
ccicfbcdbddhicaeeafgcbfdhffcdgciebhgdffahfdbbagcdfibefbcdaga
cadgffdbbbfbdfehifahichcbgbgifdbfifffadffabegfffdifddecdhgacfhhidgdfagdefgdgdehbagadhddec
hbagfgagbaabdcadcfbieidaaaiichbgcdccdcgffdabecfecaabaabheghiefdahehibeihchchiaheghfgfehhb
effcbadhie
fcdgefhbbiadbdiigafdggibediecgbbgccaied
ccfcadgghacgecficbhgicciffbbbfahigebccbafhiigceggffgdeihibcbadifffffgbbghacgihgcebbfihhida
gfagcachhccedfdiccccadfchaaggeaehgeghffihebhfeiiheah
dhfdefheabdbeeafiddcacecefhgabaifaaiibabdfiebdbdgdghhgebgbcfbdghacdebiahhgcchegegacidfcfibhaig
diiahiggciacgiehdaecfbidcghfdiciagbbafdheffagffedbcecheahhfiagdfhcceecc
begfdfcdidacddcfibhdeaidhhbdbac
ffefhbeccbcgdaicabachcccdgcbhhae
idafeeahgbifabgdfhcidhbgbhbbicbffcgihdggbifafegiecddeabieeihdh
gghefbhegbdfeeegfeghhefhcdebhhhbdgbfegbhfdffg
cihdbcbdgifidaggcghefbachcchiaggffdbahafabafaadacacacahgbebi
ehdehcffafiacifahe
daidbei
gadbcbfgdcfechhdbgahfigggcigbbbggegdaecgbadcbiicdhicfbedacbhfchaiecicgddfcegeebiahgieg
babbhegeihdbehcaeifbhfafihiehbhegdifefhaacegabaghecccciecaehiebcigecde
eiiegfdifhhggcefdccacaigcffahdahbcgbediidfhfdbagcaccffigbhiagehihcaeaecdihheecgbhefieggfigfhhiefbdf
ddbdgfibgggdefaichgbcadhddeadahifdhgbibdgfeaiedeiifabghfacbechgaidfdaggaiiabcbcbagdbcgbbfbcfhchied
daiddihdhafgdfcheiadihdiieiaedceegfahehcfhadghbbihaedhihgfaieidffgfcdahbbcghigdhacgcdgfdgidfhgibdgieccde
fgdcihciichgcccffhcfefbggbaeacgcifghdbagffacafabhaeaihcfddifdhcfieibaggeefceddbchffbhce
cggeficfaeabcibeieihehgbedhidchaighfec
gdgegfegfaecaaafccagbdbfccieddbgdhdibfffifdceegdcbibhichhfaahgfdaaaidbafahfeeaibfdefceagfdf
igachbecbhacfgegdbhihgbicc
giahihedaffeeeiibcgibfiebgbdhhgddhhacfbiahfdicceac
egfhihbccihdhaahaigifhhhbdgechhhifafdccghigicfdefgbhacacihcabcdiceiehhbfhdfgcgidccfhdbfdgfbhbfaidggbb
efcbefgbdhahicdicdgagehafighbbeeagccadagafhgfagefecfciddhdheeabdhaahecfdg
hciafdafbggdfaidecgchbeiaagihe
gbhhaahheaahhiiabaihdh
cgceedhegfgcdbbeaacbihacgdcdedecfggfacgeeic
iggghehhfdcfegcecdaabccbihbaaicgebbcdbdiahhd
fgbbegaabicadaiidcie
gecbbdbeiebahidhaidhcabfhcfaccihaebiheefcdfgidcdfhahcheihiedaibhfbfebhfbdaciggchhgidgiid
hdfggbbbigdbbfgbfgdfaeefbahigegcdgfcigabfhfbghdacefhgibihhgaecbcicehchfeagdfddabf
cgggbc
icbccbcacbhgcfchgfhghgffbbeebheiefg
hbbigddbdabfgfdeadhbdhgefhiafahgeiagbbcaihdgedghfegehbbfcaaeabcacbfbdabfabedadcfhehdhbddccicaib
hacbgchchhhgfei
gafdfcieeibbdhfbeegcbighafghhidcdfgfbfehfcciddhadcheihabfhhbbcdec
bgaaaacddceidcafbaidhcfcfaabhghcacbgedcgbhceahffdffebhbgcbhii
chhibfcgdddfchgggagfbfffdbeabhahbifheecdgcbiegdaiaff
bbbaigeihdcdbaeggddffificbgcgccbacfbfcdhccihfeifhdabhcahbeiiidheffiieddaigddhhicei
caabeaiaghdbdfaabbaaicfafhbfbiifagfdebibfiabbffaagghgdceedchihggibedidafecaiaaifbbciheighciaafcaae
chgcdiadaeeadfdcccdehbiicfagdgdiiefddhehfdhhbecafcbbbidaabfdaaehffcbdeieihebiieichbcbfdgcccgdichiadagcideih
haebbbhfefgfddhabcfcigaifbecgdacgagfiadhgabegicdgihfabhfcghecaeeeecgegecbifeaebcebacfbdfi
ieedfceaaabebigfafiifcdabgegegfgffbc

adfbiabeihfcaccgfhaaigbcdahgdbccgfbiheihhdfgdgfeefecbcfbddeffhaigc
cabddieggghahgdiabe
gdihifbecgefcefehggbggiegghcfegfaefccbacbabfedh
dabiebdfdiihgaegdaidehagdfgcfbhhaddbdebbhiaiggehfgbbfabee
bchfdcgeiecfdaadbecgchihibbifcgicgdbbfcbcgbdagbaabgaifheaaegbggeecegdiibdafiefigdhgfeehaccdcbf
hgfagbcihebfcafdcedcdhageiihifgcbbfeehefedabgfhadddgghagbidbdbadfbfdfhbhifghehcdbiieacbehidfdebfeiigchhgb
echihicffchacdgahcbbiceahaadadhiebdibfgdbdfaabbigififafhebfaiiffedcgeafeehcgahbdbhhfe
gfbfbdciifheceaddgbcagabffegibddhbbcheehahgacfhiabaadb
adhgbbehecddhachchgdigcbhihccdbbdaadhhifegcdbgebggdacc
eccdhfccafgigfgacaigdeigdaeeegefgbeegeccabfffhac
ccghefdgfhegbghefhcfidbdhcaccif
fffbcehiaagdfabggghgfchacffghff
daahhdabhb
hddfacebbabghbccigciehigefadcgfeceebegcdeccedfhdegeeffbihhehbaebdffbhbghbcaai
bffedgicagcdececchicfdcffadiefgffggahegea
aifeiddgdhddddchhicigibhceiffcaha
ddiabhccehdccaececiiibibaegcgbhagfafacfhiiabicechbafafciidbdiebdfcdedgfdagfhfiacdgihcgccidcdiibd
fgeddedfadiafigefgaaidicffeccagbehgdehacifheffghiefhdcaefhbaffaagbhaihdbhfbeaabeaabididgehhfabcihcaeacfbb
ifeiecigicgibifdgbigcgbhdaaghi
abbiddiibceihhabiabhgdiafehihdddf
adifdaihidfcdicfhcaghiieafcccdadieadifihgh
bbcfdfcbccegihfbecegicgbh
biidfchehgddhedeiahfibiaddhigcacbibafhicceiifbfebhhfdbfeb
gafbcfbcicehicddabcacccfhcahaecceeifiiahabdddefbefgcfceiaaihgbfbbhibagdfeaddfbdiiifaegihc
bgifecgedahgcicacfbgefccaebgdaiggfgdghggcecaidgii
dbdhbfidchdecfgebaeiidifiahdigidiifhfadcbiiiiechcadihghgdchdgdhegaedhddcchdfecefbce
babgihbifgeefieieieegiafaagfgiiedbeaiidbagfggihabcfhicaifccdbhaaheehbffcbeafgaeffiaedabgbebceifacdhiafgb
feccecafdiehaheddacihhfidcacgaffffbbdcbbcbicciieibbbibeiibiaeeaaifcgfedecfcedhhbac
dhefaagihaegcdigbabcgbaihibibgfaggdfafhfhdahfgfdbi
hccieggeidgdihagefaabecgfddhfdcdeghhiihchggedcfbfcfghdcaighgdabde
hdcgfbbaacigfdaacd
ichabhegihifdehhgahdbddbfefdbheeaiihdhghdgaecbebi
bggdeghcgddidfhcbibhaibahggaffidhifdhfegiegcehiedefigdicdibibfedaeifbcchhfiaddehicechfiahggibifgbde
heeeehbdgafbbbbcecaehafbcgfbibbcfegbea
gbadcdieiebebicdha
cfbhgbegcbgaiegahfgchffcheddbddbceeagcaeacbbaahhhbgccicgagbabfddhahbcfddabdacgecaacbbchef
adfcigaiiggdfggdfebhicechccchhedhaghdbgeecbagiegbehfbghgabhciecfeggf
ddfahaidagcchhheefchhdedfbggdifdfihdifbgbbccbhffbfbehecaffcgfhhehdcgiebgihdgechdbfcgfghbggfgghgagbbb
hhahiccdadfeabeabhahdcce
edebfgggifbba
higdebgcciadehbgcbgafigabeaghihicbdhgccfhbgedbbaacgecacachifffefeghahaedcfcadicbfdg
iabfffefdadadbggidhihabhcefaidgiffgacigdiedighabfgeghbbahchbdiecihhcacdffbgadei
cgcdhiehcbcbeiicbieccb
aeibfiafcbcah
hfbiiaiefabad
ghcdbcebcfcfeiiccgfdffighaeiiadeaggdadghhgdigbaicgeahcaaaeccbbgcaiadgadfafcfgabebehcafaib
hdhgffbadedgfafbhbcfhgbddefgfachddicfefccbgbdaaaebcdecffcibbaafehhidfbibhchaiiccfdbhhgeiebcdegidfafgedf
afgdcibaidbgede
dcbeiddahdhfhadiabgcdhbhiadcgdgdegadghghiibeheiigghhhaagdfhgagdegegcaibhifcdcfgecahiadfbebicbgeagbabdagffihac
becigcibbhcehhceifehacgbdabafggacbdegebdgagffbibfdediaeecghghgecgficacdfiefeiegfbfehiei
c
ihigdhhagfifdbbfeabbefabgehbbffcdahebccadebhecdecahgaiaedggchibighfcbabb
ighffdhdfhffgihiebadfiggcagcghgccagagadfehieiibichcdhfbfaaabaeabfahahhciheccedhgidce
hecfhabcbehdaffhceccaadbhhgfideeiiceebi
gbddbbcffhcdibbfhaibecegfccageedgcfeghdceacfbghhgddicdegicdicdbdaccfeeiigeeebb
dghgbffgghahchhhdbcieec
ciiaadieddffehiheigchcgiihdgdegichfdgdehdaiigdffeiccfgacbafbbdcd
eiifdagcbdehabdfggaebhfefagbhgaafdhdhbicidaddgifddgaahhehggfcabibaehbcahahdfeibadhbebcddfgfa
gfdgbhhgihffiaeafhicbigidibaieifehghdcfgegagbfdgbgd
aaadbbbe
bdiccafeifhcaacfchfbidbhfadeeiebbfaigaihhedidbaicgcgaaheeddfcgahhfagegbde
iaigdgedgahicdiibhfhhehhgieiechigfcadhiibhgaageigcedififcgeabhdfbhh
bageabbgbfechhhfhicaaedeaaaaefcffdcifbaehgbhahcccagacdhcdbdbafeachgchaeaghieccfggicgihfbfiebaifeededaibgh
dahebhcfe
bggbehecghbfbbddhdcigffcedgaiiafbbibfifcigchabcgecafbhghbhecegbeieceidcdi
eihidcdbccebhefggafgcgeffgadeaebfficeaeigehhhihcigacbfea
hdacbdeeagabhghbfibafffgegiicbadcbehedbgfbchcbgbiegiafigabcbggeifdhbiciaeaheghfbgachciaidbggeafhieefc
hdffgifaabhcheiigfgfbgfdhhdgggigcigbegdgafadgfadfddfahcccachaihcfghdeddhaeifdffdgbifdidhhfc
gabieiecbehdiifcdcdfhcfgebigeceiecbaehbbdfdibdccedaiedieigdifeibeie
heigefhhcgegbchhbfabegiifeacdehchheeedhaidabdegidhcchdddbdeeeggfbehace
bghgcefcbgcdgfihhgcahbfghaheihdfbcgbehchfifiicccchbfgdibegfgfbcfbdbicaeeiiaibbgdddggib
edbahgcbgfghigaddaegfiidicfeaibabeecaegdhicdfebg
ibghfaabcefdfbhccig
hebhhchhdbbbcgicgfhfbhfdbiffchiiegghdicggdhbcieefaeahfbadbccdcaibcaghiaeeagdbgaacghigfehccgcg
iaafebbiaefbaabcbdci
hibdbebcidfggddabhafgbcbhcegbagccaggbbebeecffaeaeifeifdeciiafbfihchbfgcadfdffddfi
fabgcachbcafcieghhgdhcefeafgfaeefe
gigggcibbbbgebicaffhabgdadehebhegdhadaihfddcchgacbcaddddhbhbabegibiieeedfbhchacahagg
dbacgeicbedigeaggfihhdeidieeheiaaabagbfbhhhadeffhddhffficghdahfgfdcbdgeefcgacggddbaeifdidgd
ebchiachhdfheebeaeeeheicehgeffibfcibgihahgfcgbaccchaaaiaeghhiidfadbcaheebbahiibdccd
aeegchcedebhhdfagdea
iaebhbhciehggdedidadafdhbeeichicgdghgigcdgegfiehfcdigefadaiigadafcidddicfciaiigiic
ddheefgfcgccdecbaaceacfggbfcfchagdi
hgcchbacbdfcifeagfheafhehbdcebifibaebdgdcahfeifbihdcciibhebeihiecaheedgb
caifcifdebhcceaeiedfgaichabbigfdchggcaggedcfecfeiabiagegdec
cdgfebgbghcigcbedbcfibbfhhfbaaebhhfebgbfhf
abafecgicgchcibfgfifebgbedabfegdfdafiiiaaadiiecaigiffigdbfgfagggichaadg
hbhchfecafaghf
ecgidcdcadgbibecifgegdacciifaeghdgabffccebdghcibdgbbadgifaffhhec
ahieaciffbigddhcidfgchehegececagbfffdaedecicfaagaheabadbigffefddgeeicifbgbabciecdeeiigiagehheff
adbgggifgbbgaffabiffieacibaaeifggdbdfcibfgehed
hedhgcbdbdfiigihfgfbebeffbdfbecbbbidffgieccfaiegbhfgfegacihcbeidbcbdggcbfchbecicahgheccebgcahcdhfcaa
ie
hcedeeadgbeifbeddbiabhdegabccbciihbdecfaedfeehdge
ebccadbfaihdecihcgbagagaifafhdgbacbaacbchgibgfaeafggacdb
gciheeficeihgdbebfeebhdfbifidbgiefgdcdbbegcceedhbddfgehcfcbhcgfgegiegbifeiahceiihifgcb
idfcaidcgeecbhcceciabgggbfdeiid
fgeabgadadegiaeehbgfhcibafbfdchhhhhfieddgcdiafbccbaia
gdahehhbahhcidigciidhbefedabadgbiichdiecfdehbaafdgdhchhacacagdabbaiifiidbgihfaciiiefhehccafecfiafihfcbaabad
cbhhaidbicgafgaaaehbgcecacfcacgafecebhdecaiihccdgihbaibfbgfcfdgfififdbghecabdga
ddiegegabghdacfgciefiieh
agfacf
fddiigaiihibicdgdhabbibdhaa
hdgfbhehahcdcfigabfdhhchgdaifgdagfeggbdiefffaabedcbbcddebcghafhdbfbiiehdigdfgcbhhfhaaibeeafcbe
iggeidgcaeeghgfgigdiehebacbaicf
eccgafgiifhiffcbafafdbaaighechheiaeahghhhfadghahddbfgfcediihaeedfdfdedefeifffef
acdbdehcdgciecebdahff
fcbbeciegadihiidbfefciadidgefidchfdebfdicafhbaeibbfdcecehhiedhdbfahdi
bfhbhehfehhebciegbfbifeacceifeaedhihbfeicffahfaiehddbchceddbbbggfgaihbfgdiibfibcaahgcecfbddiefidb
ghagicbbiiebbcdiibdiifhdcegccbggbdece
bibfafbeiccefcffeeihafehchcfiahbcidfeficfacbaahbcheaaddfdeceihgbfgcaeaaiichgbhacibehgbeighibagahddhaibhaaaaa
cfbdghdceaafgiafgdebeafdfeffgbfeebgidihafighhgebfccahacbhabacigaacgacd
fhieffggeiciaddceccdiggbd
ibgcebhcbfahiifcggcdbeicefihicafhfhe
ffgbddfibacceifhggedeccdiiifiadhedadfggffaedaihidaeeciibgideiaggfbbfbceigdagebhgdehbecciahcih
hfabafggfbacgechidcbbiicgeceagcbibfccaaffciehecbfhhieefecdageifhg
diifdcebcdabacdbicffhcaihhgbcfcgebdeaibeffgabiiibbchgefebfbeefaaegea
hifedccfcedg
fbfgccaehggdegcgfbbdihebfggfiehhbgagbbgefiiabibhcfgdfcgdeeadgiebabhhddaef
bgaaiehecegfffgeeaaacedghcabcfggcgcdigighahabfcgbecedaabcaifbdigccfbdgbdbeaidhcdcchecefcgdhggdhbbh
ahaaffidchiacbchabhedidaegibebiigdecicfffebabhihgahdccich
gebfdhidegfh
aefcaedfbahhaidhgfbigghfbhedcifieefcfiacgdegifcf
ihfgebieefia
fghaigdghcbcgigefgcedcbddbehebaccadefefhefecadibiaheeagfbheiebhiciddf
dhiahghhghdbaecffecgbfdiaegiiaeegeeegiehhbeceefegegdgchdegcbhh
fbggagcfbacadccibdedibcbgcheaafbcdefigeaddhceaeaeidcgfdigieefbcggehgigagahiiaigdabehhbicb
idccefidgefffgaheiehcegighfcfhcfbahfh
faehhciifgaagadaaibibfaabcbeebigcafdcegefadhcgcfedefbiebihifebciaibigaagffciiebdggbiii
ieahfebcdadcffiacgbfiiieggbaeafd
eeccfcgaabbbedihbcbbf
bbbhahhcbhccibhahhhbcfgdhdiiffcgfgefhffhbibcadagibaacihbgiefeaacfgigdcbggcegdcbbbbehehhibeibbbi
iggdcidebfcehbfdgeeibfgceaddgifggfbbhdchccgcdfggecaagbdfcadhigibhcii
cgaiggffficfgeeiebdghfagcfiebabgadahfbdgigbgecia
hhbgeiadhbaghbdhidgbacbacadahebedhiagidbcifecicgiaedcddgeegacfadcgachehgidiffaehhidcifihaagghhga
adhcbdafh
ebbaaedfhicffecbih
edababdgheffdaaidbgfadhghgegggcccbdfdfiidcad
cebbahcdchgeehceidbidefebcbihcfeecebcihdhdidcafhggbaddfaiabfgdfghce
dhfgihfciehfaegbcfchhfgagibceecfagceiaiggbceagcedfbheihaegf
ecdedchcefdcadifcaddefhbdbfgfcffabfcdhacdicfcfaacbhabhadafdfagabfabifagiahficecbhbbiahiihahchhchfcfbga
icdbcghfffehafecffdgaaihfhggadiafgigidhfihiigbbigfeg
caffaacbdbcdiifhdehefibibadcacbdaiifiiacfcfgdfdfabdghebdfghecbahhc
gfifbcebbadhaiiiebfacgfgegegaaadgdgahadb
fhbcedffhdfafefhhbffccgacgaifbeahffhgdggiaigbggdffhhaieeaacgbhheeffcdacffbcfhdg
bcaigaaaaedafgheagacdcechiefdegghcdcfehibebhaebifhhfbefiibcibeceddhiegeeibggcgceigfcefah
ehgbeaacediidaebdidaiehgefahdedaie
cbhheahcbibaecfhfgedghbfcffbbcdg
gifdagahdfdchhcbghbifcifcfcchcgee
cidafaificidecgbeihihafdcheigigaefbffeibbaaegbcaadhabaibfdcgiggbaffhiaficbidbadhifda
hdcdeffagdhahcadedicifiahdfieiaeedaahfgcaeffahcdchgacaabaaha
idgedabaghcgdgcdbhbififbgafhcaebhgafdbefhgiafecdcdagiebbfbffgibgiggciecfcfabfgebagacfggghicgigdbababiiid
egeccgbfegiiaiiefgeedebhcfgbfabghgeccdigbeggdgbahghdhbabhddea
ecafageiedccdaaehccfcabiefhcibbabaifiidegfdiccgiccfchfcifdacbecdfdfdcdddhbad
beiaididaieihcfbcaghfcdeccddafciigihhfchdbaeiieiifihbeieecgfbfacfie
ccgghhbgdgcafbcaffabahegaidbiaafgihdfhedffeefbgccgbaebebeehgeddefgbeagfbefgcdhaf
ciadcicggbaibedadhefecicaihddhfdhhdcgaceaeeedhicieeccfdbdecg
fgefbifbidfghhcfdceggeifhidefcbad
hchdiiabddcagcedbcagfedbdifbdcagfibffiheigeebgbbdifbaadaicdcaibiddaidadgcdgceig
iihhdhbdigdgdifhacfcgbigbdgdggegbcfgbigicbbai
bdbhbbdddchachifabfhdghbihgbabighgfchcechiidh
gbebghccidiceebagbgfiiafcieefgeffddibeaaeebiffebhdghhfgefaaddihcaecbha
fehbdaddbghbeaichbgehcghegegbfadeacafhgechbhbbehbcidcfaeiaciiibedeg
hfedaddhdghgaahghgefaedaihieabihdcgbfihbihdfaefddieaaebechdbccggidhhhcedadgcgcdieed
adahgibh
aaagiecgagiaiccihhdhcbigagihgihidihahadecabgeegaa
ahbhiieaaaeahcddbeggebfhbhgdbebfbfegaiadagiaibfaciacdddghiaidheaaigiiaabbhgeigfhdhcedhibiihad
hidafhcaeegbigibcaebaifffgbfdiecidgfhgafdcdbhdfhcbighfigbih
ifhbahiegdeeigbf
fibhedbdfehbabiicbahiehgbihieddhhgbdbdifeahhicebhffadbacchfafddecihbgcfdadiiciegccabfcfhicdbiaaihac
dahchgabdhcfahcdbfgbibebdiadidcgaggadeb
ghgifgaeihaaeifbgiebeffhceeaaecdfchaaicgfahgcbeiahabgaiccadaeaeeecfcahhhggagge
cacibfideiedgahibdafcehaebihfafbadceddaeggedechiicheffbgdgghfbihcedcicagfcafcdgdbfifefhcahdcbhdhif
cgdbabbdbhiiiadfegdcgecdhcibffgbachfhciidiegfcafcbhigghiebffhedgdfhhdbiadedhfi
dbhdcbddifahiebeihecbidaaf
ifebahaaddbfheicbheggehbaaeehbadgfaiebiacegbbbegbaegfghahdchdiabiedf
gifaaaagbbhhc
hicfhgbgabiacedaiicefibgafaafbiiabegddebhihcieafcccbifcacahbgebaihi
dhabfahhbbiheagbcfdefccgfifiecbidfffbidiiehbiefbidgchaabhcihad
hhciihdiaedhfcgfeabgbgdcebcdchiegiffgeedehahggfgagbbfbdedhicfghfaaghfghheicihfgfa
ficcegbdb
heaiacfaeeaifaciggbeeffheiceifcd
ggeedfdacahighhagadgfdggdhghaddg
fefccdbafh
icgbchgbeeaaicghbdbiebfbcdegagchaedhgcbchabiffhhieecfcicbgccdhabhghdfebfdghgfbabhgihdhhe
dddchhfiiihhahadccfcfcbcfbdedhbfbhchcbfgcggbceghbifffihigibgihae
affficcbbihi
afdddaagadagcffehfdecfdgcfehbicbhceccicagahhdecfiieebfebcfeddc
dbgccbdgbdcehdcgbbdhbcbbdcebaieibaiaihcbiafceefiahdfcigiffehc
afiegabgdchhdcbecdbdbageidahgicbfhhf
dfbbhgbhcdgcdhbicdadebeicfhifiebdgeibdaggagceafacggcgcfbeifgeaebbaibfdgffbccbaede
iceghcheacadffgfdgbadcicdiedbhaifachiedifdbbhfcciffdbebebahgdeefegggiaccfbbbfgaaefga
hdifcgfdeeiiechgabeacihdhdadacbciicheagbghibha
ceghhhhhiaedgehegdheedaiahfbafhihgci
febbbbhgdfdfadhafgfhcadddaibiggdefibggiigabfhabcfegahibgaf
hdafbdeidfhdceiigbaegghcbbfhgefafidefidacaefidicebfefhccabeghdigggcbgfhf
bidiafiifbbadhddihdabdchbdfcciafeffahbgdehgfbcicgaagfdfefc
ehd
bdbifeceebaibceifggaaeiagafafeeggefcdfcgecehbdgcgccfaiegdhefgcbhabgcacceabaiiag
dfdbfefgbggd
bchhgdfgcbafghebhdaeffciagebafeifgafgdecfcha
caifideadibcbheacediddefghdchhacechcdeagehciieabfcdfbcadedddbedgbhehbihcghcbhhfgdcgheafecaiccdgcdeiagibacchg
dfhchhbcbabafbbcdacghchcgbfecgfagi
iiddcaaagbacbgcbicbggccbhebbhbcaecdbdeihiibaeidiahggdedabecdiggaghhc
bfdheacaihghcafdgibdhbhadgbabafbbgdhhic
ccfadc
hcihgbggfhdfbfdhddddhc
iachheiiaii
bdfdieedgghgicbehiehiehdgegfbhabaecacebbeiidccchiahffegcbiedgbaefaiaeaffdfdedhecdggddib
eacdiciaifabbieeiheeghhcffcegadf
fgecidffadaccdceghidcdfbcgcadgbhaggabhhfdgdiebahihfgh
ihgeicidgedigefeeidfhagddadcdedfagbdfihbfbdbcgbfgddhcdbdihdbcccidcefaicffbhf
dgbdfaaebi
deaabgfcbagiaagcbgddbbedahedafihfeaiaeadhaegiaiiceebaecegefhhggeggdafffceadcbfiaghfdcddhdiibihcgfbaich
aehcifbhcedgghacgahcidiagidggdhbdaidiafidgfaabbahgiaiaacfafc
cfdhafegdbdiadgfcda
hgeeaabdiiifdbafabeicfefcehabggfhcafcghiggbdgafegdifbegbidbdaghebg
igdd
ahfbfdhdfechbbacacbhgigdggi
agebdgaehdebefheigihfccfaigiffeecaghgddeddhfhcbaedecbgdeecagggfeeachgcfedcbdbaaficegdfac
fdefbghccehaifafggacifeiifcdehiffgadiei
fggidgafdgfhehgffifiicbfabdbiahhabdeifacibahaaicbaifgbcgb
fdeghcdbehgeefcchfaibfieedafbaicbbefifhcgfehddigiheaihgcfbfcabcibde
eiegbbaegfhcdhichhbcehbigbchgaaaa
aigaicdabh
fhcfhedieedfdbbdidbiddfgdgiachadhbdgbabhbgcbdaagfaabdieiibcigcffbeidihich
ibddaabfa
eifhcadeifcfcgfhddbhdibbefhfhbfgefiagbedhdhiefagcicfcbagadiaihbbfbchieeicefbgaibaaecfeiiihbgccbffce
gcgehdbghecbbgdafbfdiiceghddiddheifdgibhegicbhcfgbcgghcg
iehbfiefbbdifihibg
aacbbbbchahhcadebeedhiedhecfdgbfehbhfccdfbdacbcbibdgbcbceadcccciaabiabacggegeebfghdaddhbdh
ecgffhcdieaiaedhhbebegbfefhcbbgcbebiachgiigbcfecgdbbiaciggh
cdgcdfafighcciidbgbhafhbbhdbfgciiicifaggibaiaihfdhicffdcaeefaffgaagabchcegbibeiiabgdebcdagibhi
h
ecacdiiedaeihdecahedieeciihcidafcfccddhhfbfhcbgibbbdhdahhibgegehidaghieeicbhdgfeebbbdbfhdidchfidacgbdgcid
fiaaeheghbabchfahaeacdccdeefbhbhcbeciagcdiggdhgdfacdachcafbifiic
hddddehhheiabdaigibhfigfbcffefibddegbhahebeafdhf
egdcfiefdfbiaaeahaifiiacdbchcaigdhdbgigcgeehdbacabbgbifaaccc
icibiiaibbbiaeeagahaeiifihaiegbhehdhhfcbghfgcefhieedagahcgigggcgcid
gehfaicfa
ibbiiegeghcgchdhbhgcfecfiedcefcafagibccchhigfdaibedabffidiaffcdecdhcahbhffgceh
ahdcehfddgdagagbgdghaffeedchcfbcdcceabbbhcghaeechbceiebdaggibaihege
fgcdgdabccahagccdagicfcfhcididieiebhbebfheebabahccichaabffihabdfgcghbeaiaffcbdfeefeifcddgfeegibffbebcdfe
dfbfbeadgeaehfgahhaaeeibebefeccgdaicdceghfdifcicge
efaecehcbbihcegfghfaaficibfhhdeeiaddhgdaghh
eacfh
bicgcihcdgiafigcfddccidebbcdiaefdgfcffibaifabhhcdhghdbahhhifhag
bfccdcbbaehdf
bgci
hbddfdgehehhdcbeefibibaedgdfeagifhfdeicfiidgcaibebaeiefa
cbccdaceibaebigcichaeaagaghigefidbeffifaeabedaeahcfgcdbigadbihdghcadgiiageihcdbb
adggddidbfaahbcedfcadciec
bffifgdbbcbghgadafahgbgbggbgigccaeigiebiddafbehbdfacegghagaghdfdbaace
eafifcchbbcfcbicddhfidgeicfihbichdeagfeabhhgedeeffbfgidbihgcdcf
beabicfdfbcffgheicheahadgagiiebaifhcifdbdigiha
cagccigfehegfhgcaeafdcfbeiidibeefb
hfedfiaiegaeecefgibghfihehfhbdbcidghbcabeagdcib
c
agbeiiddhfh
ahdcgbddfecbghcgfgbefhcgehihceafieaffghefeifdaeecbigehfdabhhficfgbddigdiifeediifieihiddiedaibca
gdbgdgeiihceidchdichbgbiabiccgbhahacggbaigfcgahdh
ed
cbdcdeaghddcedgbaiidadcbagbaddbbfiggfgaibbfedciaicicigicaehgdehfdhihfcedbdcgfbgac
bfhebghbgdaibhddgadicbbchihgahdgdbgcbbfaeidfiigbedchdedcdabhahef
cbagcfhhifgagbibhebcbbchbgdcida
hbiehfacgihafgbaiaicidighfa
gdddfbcfggbgefabiiibccibgbfbabececghef
ghcbffgiieiifahegbbaddhdheaeh
ddbddiefhfdfgbb
daiebibgcbgdcdbhhaaiiheggbfadffgbfchfghbebghheffdhhghggbhaaheadhbhcifaabhdgfahbffiaagafdcffhfeffcffihfgfhgh
abeebagidfefghfcbbcggfecbicdghfififgfihfbddiaihahifcidegifahfbgechbfeehadadghdb
hcaeibfbegiahifbgghfgebhgadghf
bdhefhagffcffeficiifccdheddgdbefhgfididaeecdbchehheihbgageafeibedbgifhddgdhdcfdfcggaeagadccd
agcffbdhciibbhhhffidddgchgggbecgibdc
gabbfbbcfaahfegdacabddegedegfigdfbhhgbiagahicibciidicggaghcifeeihchiieagbgbhaabcfggcieadefh
ihedihhhbegge
bgaeafciicghifbadfhbhafiebabfffiacaiahgfidefgaiecegdchdbgffcihafehbehgeegediefecigeehaaiecbehihfihehcaehdda
igcbaagaaccfffahbfifgcbabhiiegdiahacdigdacib
gdeffifhagbddecfegfadciiai
dbhdadhihda
ggicihhdhbfhfhhcabgdiehacchfdfcbdhchagedechffbfegfafccgeiaccaaghaagibcigbfgaccdahggdifidbgi
ib
chiafcedagcfhedighcciihdghabgcibbcdidihaae
gfaeaceeggccchcefegchaahadcdgcefgcbbeebbaeiacfcaiedbcfeafahaaefccai
hgedcgffdhebbhegfhaebhacdigadhfigecbghhddeddgbfcfgabbfiefc
afehbedgggcfahdcgbfdhgaiebhcehgeiagdefedgheidggccgggigb
adabichhadfcachfiiaaibcaggfhfdebieabfceffhegic
hhghibcdhagdchhih
fbigidabhihcchcacghiigagggfhaefiegbaabheff
dghdedbfhd
fgddcfdbaaibcifbchfiigaaifieahiigebbihdiibgchcahhbbehecedeechbbfgfdefeg
faigaiadahhbggiadhgdfgbbaidffceaiegigcffhcachadheggidcebdcb
eigdbcfgc
ddidcfbcdbgdbahhbgagieegcgababagaeceeedeffh
ghdhfefibdiababbagiihgaiiacaccigaahecbebghcdbiahcg
eciabbebaecffhgfagadifgbhagifadcdigfiecifdffbfgdhgeccgdgicfhcdchg
fiaggdcdaffhebghhgddiiaifbfeebh
ahcagfehdbgabfagicadbcdafegfgiieaaibcbbhfaccdgibaheihcighdbbgidgca

iadaahahibgdebagbfagbhgbhciadcbhadhhefedafeidhefegebhffhhfibebchgiafgbecgiaccgdafbif
dddbfhabddciiiefdfcddfabeabcgfcebhbeiiehbdhdicgfdebhigedegeaebbe
cbbeiigaeiffbgc
cehhebgfiaifbh
hccgiaecifidbcieadgffgcghafaaefacecbbabddiaigcedbdbbaahcfihgacideiiehicaehaiaifbdhccdebb
eebgbehacfbficcdhccaggcedgbfa
hcfbahbfiheeicgecfggcihhcgeceaciiebigffebbbadegbhfdaaaiheiegdchedbeggfeeegbgbgci
dahfhaifcdbdaiddhefaacdeibcdaghaahhdbgbgehcbcgdaciiibfifiifgdbgb
bgbghagigfcafhahbbccebiafgachdacgiccdigbbbafeeigbcfdcibgiffbdhicgahfbdbdaechcgaeeiiidadedchehbfbfgchc
gidh
hfedbachefadhhcgaaichhe
iigfecbacegffaicdighibeeiiicfhcficgeefidbgbhbbifcfadhfchedfdcfh
ffdgccbhcidefgbaidcbigbfagabaffeab
hhbdfafedceififbibcigehcbigcgidafdcdcdhcgiegcbbaigacebbgbagfabdfgdddbdbicb
gbbbdaggbhfiidbggafgeibbhfdibagbdbahiehhihggggedeedacfgdfigahefiicichd
biihafghceafi
abiigfihgeagaaedchf
egihdgaigfcfifbhbdiiefhdidghdieeifiaeafcfedfafedhfhcgadbhehaffhgfgdccheeadeidhbbgadcgdfedefe
agcfidbgicafhhfeaiiehabficdbbgddhahbhaaacifafefdhhdccbdcgeaficcefhfahfffifgaegfbidi
gibbchifdbbccbeidaiac
ghebibddiibdhdeeb
agdccdfbbaegghfgifcedbbebifgffdgdbciehchdghcdiiaiebcicfdeeaehgcdddggcdabbba
ibeiibfddcebdhb
ghadehgaificfcbhicheehbggfegfbifgifficiibcfgefefbeahehfece
ggcdbaeadgeaafiehfedbhefgadbahbecfcgdcgdgiaebcghichhgcbcfhhcdifhagbfcchegfigbcadfffe
fiahd
gadbfedahabgfhhbgcfifhfddbhegaabhgicg
dafacf
iabciegigiidbifadbffeecfebagifa
aafacciaaebdgceigdhfifffgigbgggdhfceigbffaffecabfdf
hadgiigeiehdfhahagchbibiicbfdfhecffgbebfeidgfbddgieggiaf
ffghdbchfhddgehegaahccbhdbcgcbcdgbadccchdeibehhegbbaahdff
ihfffidibdafhigbdgcgibcidghbahcbgfbaaddiifabfceeahicddggehhdgfgcbcfcceehgddbceccfbecfgdeccd
aehedieifegecdbfdegdhagf
bee
ghcefhfhchbbheffa
fbciefibdhfiagcdfbfagdfbcbdhhebiiafdbebaicegigaaifcb
giedhgbicgiafifbabifbhiifgchhfbghcfifacfhidfbcffccfaiafhfeciefffhfcahabfhfe
gigbehidfb
cbbbahcdbdefgchbccecbfaihdiehaagedecchcgcdecchgiicbach
fdeheagfeehfcibhigfcefcfeddecbae
hhddehecbhcifedcbaggegbhhehddieihfbfaaaacebfhidbfbecfgeafcfibhhideaccfagid
bhifedaceehdgbbgbcgigbgeahibebeibcicagcbaagidficiicdbgcfd
bf
giedbihcddchhdaiibihdfihgdhgfgfigge
ifbdfgfeiidcdgaeibgfbiaagbfgfgfbdichicehededciehhdbifaeigehdhbgagiihhgdeihbcadacegedibh
fdibbadghhdabdbheacebfgieaiebcdcaegfhciacbaaiecibececeagbgbhhbcgifegdfeeaibicdibba
aaeaihcbgaiaaeaifefbfcccbidaefcgchacbhhgfhbgbighdi
ghfiedbciciididfaafhahiabciebciagahicggacibeffabdaaciehhdcabafdiafcacicabfhbadfeahbegaegdfbbggegefabbgibid
dbhdeadfcgacehhcdegdbheaagebcbfhhfgefadahhcgebhdhfhbidfihcbccgbadddafeigfcdbihbgbfbecbbigc
gehaceeffhhgcfibciddigffecgddhgdebffdfbgbbggdfhfdihcdbaifccddehbifbcb
eeihhicabebebgbdahaeiegdhbdahiegfgdeefafiiffcccghdaacgefcaeebgeffhffadbaiccghaffgbei
giihadfbhigahgchgbbceahhiaffgcfggdbehccedhhebdfhe
bbifddghbchbbfahidebihcaafefaccfhdaehcgab
accfcdggcffgedhb
ibhaffchcfiehhfbibcgdeahhahdieg
eifibgbgcefcedcfieafiiihdigiccaecbiagcfhhfhgcdcbgdacd
giabdeghchfeicfiafeiadifidfgabhahhiaidebgiebbahcabciffbfgdbfcbehefbiigh
ciabdgechiefgacd
fggiicidehhfffgbcfafgbaadcbegedgcaiagdbcaggbeccdbhdgfbagedabdagfhecghgd
dccdhabcadeficiegdgdeiiffdeahefbcbgidddciidfgd
chchdaaehchdabhfdheefhdhdiebibcbiagchgfeeaidieehgcchbfhchffgeebeaeefhiebiifdiiebcaggaihdd
dihhidabbbegfeefehfiaccgdgagifhdfaighhaeicdc
dgdigcihbifccdeadefgdabdddbifdhacccedfbibgbecffbcdcfciieghaicgcge
fgdeidgbhbfabbaahe
fchfeia
aihhbicafediaaeacbdf
aiaegbbhebgfabhbbbdcfadfhegdfgfffaebchfghcedbfbdefei
bceedcfhgafbeieccdaebdhcahabcdiiiheadcafibfgfhbbgegceiebceghheiccghgi
cbibbicgedbfhafdiifdfahaeehccfhebigieiibcbcfcccihcecide
agfigbifedddhigbeaiiebhcaadahdbdifeadgdaecgfbded
cbabgahafhdcgeeidfcaigghegehaabahhggdbgihigbiehfdbiiidehfcieificfhdadbdde
dbaigecfefhecigbfibdfgggcgefhaibfdceighbddhfeeceaceccebihgghchfcgeghecadgacgafbgcgafdehfdg
diaddi
idagdgfgeehegaaadebfabbagaiicbicdbchhggibiegchhhfggeahcehdgagbefgcgaheafaccghbdiifi
hhhcgffdacgedeegbefea
cbbehddcgadhggigcfaggieiagdhbegedihhehdfafgabggehdhicgggecdidfbcbgaddecdfadi
gcbgfeaiaghccfcdachidhdbfbafcheafgicfdbiadfeefcfdhbeddehahbdfbecighbbhabhabbagfgfcecadbgcbahhhgg
eeccbbfhefdgccibbaccaeafhhcdigdhgaicagdcdfcfaedafccciibgahfcideigaffediibbbcd
figdfca
igbcfhdfbhdcagbhdfahhgchbacdibedgibacgecfgfbhigihcaggadbeciaaaeihhhgafffgbhhbch
bgiiahieaecdeagcibefbafgfgddafdgadaa
dhdedhbdfaiefbideggdghfgfbdeccchcgdfgehgiehfaiefeeefhdbeeifegih
haeegidghcedfhebbicadicggfdibbfciifehbddeibcfbhbebibdigdbgiafiibiihgcacgbifeibhgeaaacbcbdhfehibfaiiaicfhb
ddhfgebheebcdhhhifgddcci
gdgdacfcabiideghdbcaceghdibefcgghhcaf
faffacaceihebaeaahhhehaibhiggafbfeeicehichcghhbd
icghfgbdhiccicfefeachhhaedciffcgfchbhccbbhfieghcfgceiciaigibdcdebgigedfdbdcaiiaaigdgahbbdbabibidbacahhggabc
cicidigfgf
cccibefihccgiefaagegefhbihfeicfacfchgbfeciccediddcadfediaffhiabihdhhe
ceeebhaficfhciefagfecfcfabhdeifbifghadcgefeebdigdheiggedchfcaig
cghibfahfebbcebbbhafeffeifbeccediehfbgeidfibfgcdigfh
ibieagegefifiihgbgdagbcgfgggidiigedhbbhggigdgaefifgfdhgeahgbdgfibddgcfg
gchbdhibhhdibgigfdihiecgbhgeegidgedbfbehidbggaafbbiihcffeec
dgdchihddcdedhidafdfefdfhdbccbgadiffgigfaahgghbhiifb
adiabcgghdiecdb
beacbifdegdebbdbiigbiafecbfabfbdfdiedfee
gacficghbcbcdeeaihcfbhhebddehcehacgg
giaaaihiiahdhghdifgiiichbecdhgafchddhbhdaffddcichbecfgfgbeddb
bbehhcfehdiihicaehhahcgidaegdhchfffhiifhegdefhcaahiieehbfhfhcbiaggihhghicfhcdfcabbdgcihabeg
abebbhbihbfechefcifdecfeagdiiccdgcadhageieeehbebabggddbcigaiibhbhccgi
hcabbfaababdeabichbgebibc
ddfiacfbbfefbbeehefiffegiehciigdicahafgaihfaefaagbfhdicgaahfdfcadebbieafeecgibiefaccggdghgcceafhghadhibabfbcg
gciebgehacafefffifchbgfghbgfdgchigdhcgibbhhfcgcaabhibbihgf
fgdfcbciiefhdgeidcfhchaihebddgfcafheedehaahehhafbfiificcdddfffdfieed
chfbacggehegidcidbggifcahgigehegffdicaechbidhebbdbadhcgfhadfgieif
ghfahafeeiaegbifiaehichaedhadhaahgdeacggafiiheeeidbfggiadbiefiifaaadgiigcighfcegiahhfaifahhhcgigegbabhgbibehd
dhficfdaccefbfhegbccccgbdifbbgigaiaiacahghbfefibfbeibcdcfaacebiib
ieggchcedceghcdchae
ihdgibcfbefccchhbfgficgchhcdeccdgbfcifficbgifcgecic
eabdecbcgeiacabeaicdhbhgihbeahgdabicbihgfafbdahfgd
decfeddhieegh
ahfbhhbdchiachadbfffaicbbdacdgghhehffcfegcggiigfiahiedegcgdbdcchfbbfficagfcfgfbdgccdddehciahihheeh
fiadhgediiebadggiihffddaifffdhieeef
ahicigfbbebcefedfachhgahgeecfheiabiahdgdbdefcfebhfabhfcabieccebacfeigaaiacefcibidcabcigeedagbehhceheg
idehfiiddcgheagicbbgihcgbadefecaihhhabidfebgeeecadggcdffbibbddeaf
fbccbahecabddacciecbfhggdicfgchggfbaehfhedbcgdghbhbeaagdbgffaiagahdhdfcabcfgifbhbeiceiddiccafafcgigd
cdaidceiiaghhiiabfdb
cciidecgcdgahgaicghgcaicci
fhcicccffihbhfdcifgceihaeiidhcbechbcbaegecbddfacgecehdcddggdehfiehaggbi
hcchghhagfchicedffehaeeieifhch
dccbafghgaabhicgehiiiihfdachbfgidbbgcgahichgcaedfghggaddfdabadhbgdgcahffdcghebcddacgagiifieigfbffhahadced
ghgcceiehehhfecbhgbechabhchcdbbffcgbecigghbadef
ebecfadafhdfgichhbgcgeeaaechcggagbgfbgccaichhdgcaadf
dhaddecafhibdadfdbifeaehebfhhidfecdggcdegdighdbaihcchedfidfhhcdbgefgfhiahh
fcgdfbahbhghccdebccafidabiebghdaeidhaeddbacbieidcfdfhbfbfbbfhcchbcba
fafddg
gihchfebhggebefbifgdggcgfiddbiibdchiihdafaibcbeiihfebiheacghdfifbhcgfbh
fefieh
dccabfehcbfhdcheebehbgiehagfgcehffhgaadafiacadeggcecbaabdahfhffabhefieafd
ghccccahagfbfbaccdhfibdebagdhbdbfheiegbeigghhfhdfdhdeifaidfdbhgedhffdaahdcbbdghai
dbabbfiehg
ifefageigihgfghidafeabehfhbcgfbebieafcchfegadadaigfihdfgihfdhifbfdeefdfaaa
ihi
adahaibhafahgicbefcigahcafaechfgdggafageddebhfadbfbdihdichabcaibcdcfidaaheeicefcbdabacbhiefefhifaebee
dadhicdbiffafhhfheghdib
bhgefagfbeechacdffcdabfecdaeffdcdhiheiaighdieefcdfdadggggeefgbbfcge
baggahbhcadghh
aeahchfeffehefibiicddddieggdcciieeifafeadegiddhdbgbcdgdiedbhcaighhbgdagehbehddbhdhefccahacigcceeihcceghaiigaa
aidcfdbfacgfhbaabgaidhficdbaeifhgahhfeeiifhdgihbadcfdibeggahdibhhabbbafg
dbeghagheagfahacbihbidgfgighhidgdcidedgcidaaaaihdcbcdeggibfeedfcdfidegefafacheg
caiceaggidddgdbacdhgieeffabaaaagbhddeggbiaegfgiaggdbigcbagbibfcigedd
ddcgfgdeddbcgahcagbedfhacdhbcahgbfhggbccgagdecfihidbiedhfihdbcaahgb
fhghiigbhdbfchhbeihcahgaiehdhcibahcdabeaeihgaheiffbdeaghhbggbecebiafgadabeiiaicceb
acaicdabcheeadihdahecchaihfcdihhbgb
haegaahheiaibhhhhhfdbbhhbdccbbieicaiiahgeddaaeggafeeeggichibbeiah
cbegbfghfhgddffbagehgifbidcdigeieeccdeaidihcbhfdegigbeefdcabbacaaabdcgedegafieeccfhbabahfefieacfecibbbe
adbbiehbegdehfgabiegibihdebabhcdbgaebedfhiffaeediibbb
hbghfgi
gaichagbiddgehgefeccggdhcfhccbbchbiechiiagbfbeceefaccfhbhhbfeaedif
hcabfeccbdhgahcfghgcabaicibfbaebdaaghdbbaiebehfaibhd
cdgfbeiicacfdhaeffafgccfeffddhhcbfagfahhiididdggbfiehfhb
dcfggceadfehegdebddeecfiddfccebiccfgeehdfdhffhihcfebceieaaiia
gebd
geeccahehccigahddahhfbeacechcadagdcddbadfcaifighbgafaihiicgcedfcihbhhahgaidiidbfaaefafdacefagbeehigd
hc
aecbiihbbhacafggfciiifbeiecceg
aiffgdeacdegfiecdbcadbcgbfigdbfiaecaifbchbicfedcdbfgefhafcecih
aecbhfdfedbggdadghddhhhbaeedcdaeceehbecbebdeebfhcdegaf
fbfhfdgcahdiibgahagigeachcbbeecgccgcdbfecbcfeadbabica
fidbihgeacfdaicifgggegbef
egabi
abfahcifdibdahghgeadiccgi
bdceccgbddaeicgbhccdhbeebgdadeedbacifcdii
gedaeecbefdggaehhdiebcefdidabfdiegadegbiheehchcagcfbgaig
aeicbcgfgceaafiicfiigffegbfegdeabfgccefbaaghgeibh
ffeagafbiidehbbhbgb

dibidhcedfffge
aifbegihedhbgbgcbficcacadbefdiaafbbgcgiiiigabeggebcdafbdigfffdfhggaibbaeedd
fgdgiacheffigdaecifgfbghchfibheigccdicigdcdddiiieadcaaed
cdeacfabaeccdhaacccaadebicgbgbdceicbecbchggefhfedhghbcachdgfefeeiebchfgiehabichbgaehfibdfaiciabacaffigch
icghfdihfeifhegideihfbacacdadibfiaghbhhgeaddhcfdaicghicccbhfadedc
dc
dgdhcigcgiegiidchciddefegdcffghgidbihbaiadgaieccggfaedbficbhegfhcebbae
acagffgbdihbhdbffccbbheeea
fegadadbebfffgidgafffdeihcbhhhgidgfadb
cigaaahficcbaghagabiaaifccbhafbifbbaebgbcccacbbacbhgaghcfhfaebbgdbdacfgfiibfad
dehdaahefdeiibeggecibhcggheidhebfgicgghfcce
caceifhidfhibdcdcbhggbihfffebeagiccifibiibddecceffeadeh
acdgifcaahgaifec
bidgbidbibadccdbhcbggbidigcaibcddhiechahdadhgehdfbidgaccahgghbcihhh
edgafiedcedfgdaigbfeacgfcaaeeebdechbgcaaifeiiaggcbiadgbbficbbdaagheecd
edcfhaddagcigdbchbdbcciidehihiifcfdhgchbadbfgihbfbaadebecigdagdheibhdfcghhggdahecadbedggaaeiggggabbgaecbaigce
abihgiiibeedeibeicgciigdfadcacacdaihdfiabaagacifbidhhfghidfabfifgh
hffidiidiibfefidhdffedfhdfbddgdbbbgcfeicceaabeibcagiicdgahbfdc
cafbdebebdifdfefbbhdaiddbibhdeeebabcfbehebbdbfddgagceiidcdeeghcebghaechg
hcgefhadaaeccgcfcedfechehbfcbdfebfbdhhcfeibibebggbacdaiibgibhbdghaffad
ibi
dhdbb
gddb
gdidehcaebcdaebefgbidgh
dagaagidhhfabcgdedeccgecga
gedfciiheggecfbfc
hiiifhhbeeeifacdbcbedchedhhgffhabcgiiefdiddhdhfdccdddahfcgcbiffdibgddh
bbdcicafbgcgeghdgidhbafccbdghhchbcidhcgccacbcfhfbchihgchccaaafecfdbcgbddghgfgabcigiha
