2677 4
2404 1051 871 1893 
377 1775 755 699 
673 781 2614 623 
1494 516 250 569 
2424 1877 1639 1816 
329 1690 579 0 
21 294 93 731 
1044 2635 2129 525 
594 2184 2160 1265 
1786 2557 602 170 
957 782 2267 2078 
1719 1521 1030 2226 
2387 345 428 721 
2587 2440 840 500 
1779 1883 1014 1729 
727 676 500 1003 
947 530 1678 1838 
716 2546 392 1663 
2522 126 1576 31 
763 2465 245 1667 
1375 346 631 1799 
1184 1257 1405 1563 
25 294 1653 1543 
733 187 1635 1439 
193 1914 1477 2365 
1334 2267 155 1598 
774 38 2495 1539 
357 240 451 1760 
1306 2292 1709 2283 
1117 340 193 1302 
1798 1321 247 1436 
1056 1051 819 512 
231 2510 1033 1186 
1165 441 2256 1345 
1420 905 651 416 
1511 429 1104 786 
1995 1833 712 2398 
1046 1705 586 1995 
2432 2526 863 1633 
1162 432 882 913 
338 2247 128 784 
1322 859 826 1779 
2568 1980 213 1883 
1513 1813 2510 974 
555 1164 925 2119 
2201 158 1786 2416 
1350 262 1442 1566 
862 785 843 450 
1597 2551 1132 689 
746 1107 1262 352 
2609 312 3 1993 
1597 523 1437 174 
465 1905 1666 2484 
1363 2470 1497 2554 
2359 1235 2182 2616 
793 495 1401 1711 
2551 1852 1948 1061 
1755 368 1351 610 
1248 47 2160 632 
1734 1839 901 28 
1116 787 1326 314 
2510 1076 1250 1549 
1191 1545 495 2338 
2563 1322 679 595 
275 1794 1072 1208 
738 321 1960 513 
1510 190 1869 2192 
2188 1739 2515 231 
531 1318 1382 499 
500 1498 2228 1723 
445 129 492 823 
1174 2209 2585 2205 
561 883 1920 824 
2433 1746 1151 181 
489 2207 2293 1715 
178 1857 2224 2160 
1600 565 928 649 
1823 373 991 1928 
773 1495 2668 133 
453 1950 1937 2566 
215 933 749 1084 
142 700 2365 76 
2283 1611 2675 383 
1908 1900 2502 630 
1779 879 1062 1570 
1295 2122 1636 1574 
1191 1638 387 2105 
1376 1607 415 1646 
1552 284 597 1657 
2012 1268 1826 217 
1105 2320 825 2436 
362 1007 2154 674 
2535 818 1628 1142 
241 2000 1946 1141 
2341 1375 810 771 
1108 1094 1883 1444 
2139 2200 341 2078 
1734 1749 1525 2604 
648 1136 2472 2240 
2399 1951 1775 604 
1389 2365 156 982 
1141 1728 1301 2340 
120 2550 2335 2482 
2214 1159 1191 352 
332 2517 1948 2418 
1939 178 410 1695 
2040 2079 935 356 
1594 1392 1583 696 
1717 1488 2269 226 
2211 49 952 944 
2421 1427 1542 1663 
1657 645 408 2571 
98 1046 1506 571 
948 1553 1099 1374 
344 8 509 1246 
2017 2249 2026 540 
519 567 2672 2047 
1456 1480 535 2195 
1722 712 258 1648 
1901 465 1366 483 
1928 2256 789 1345 
2314 2151 2464 19 
552 387 2439 2478 
1536 1179 959 2504 
2133 337 1962 1528 
1190 925 2046 87 
1778 333 90 1751 
2102 629 433 1542 
1582 727 2091 418 
1353 446 769 1258 
2160 857 2671 2515 
699 2558 1457 1817 
356 495 641 761 
1183 1653 1318 632 
2504 2559 2538 1608 
266 1205 2074 1244 
1607 2471 2508 1409 
1042 1705 838 914 
389 1467 1944 1254 
2564 203 1034 93 
1632 459 333 1570 
1262 128 2089 292 
783 1538 1641 1935 
2094 455 1333 904 
1289 1545 1651 1093 
288 2009 1091 244 
1709 2474 2499 770 
510 935 1276 2352 
2062 87 1737 659 
850 876 1842 9 
979 1215 214 1324 
1909 794 1227 2573 
1655 746 1679 215 
1792 753 1844 1919 
1322 780 1133 2497 
702 1926 1788 477 
1523 2541 1930 890 
513 619 2006 1093 
205 1523 2604 646 
1278 2666 2169 1247 
1543 2522 466 1702 
1423 517 625 80 
211 1776 990 2064 
1850 2422 568 1837 
1976 1239 2441 2407 
1489 489 1317 1307 
1447 1066 218 507 
211 1145 1253 819 
302 666 2527 2480 
898 112 1304 2363 
2293 856 2106 2507 
1661 161 1450 1055 
1883 50 1470 343 
859 1118 1752 2460 
1837 524 892 1313 
583 1779 606 1343 
2541 2240 1419 1574 
268 85 2146 306 
1909 1480 1387 2101 
1645 404 932 1380 
1328 868 1596 2515 
3 265 270 1368 
2143 1628 1033 1865 
1070 1069 1130 1620 
1901 991 2276 1779 
1713 173 2559 2649 
1949 581 8 688 
1014 1215 1912 1715 
1680 2066 1804 1504 
1973 1979 1609 1934 
2491 2364 1324 1442 
1697 1699 1897 147 
2673 362 978 1616 
173 119 1676 1069 
2023 180 664 629 
1084 587 2155 72 
369 1007 829 1967 
1304 95 1007 1214 
1056 2210 273 1746 
634 74 794 133 
512 2516 1846 1429 
653 952 2088 2139 
2209 606 2172 175 
1629 872 1193 1398 
1227 117 1754 2463 
1001 728 2293 2440 
363 419 1466 1970 
1502 2245 1452 1374 
1649 229 505 2656 
1636 1830 1576 2263 
1044 89 419 929 
103 1641 721 548 
1974 2233 1947 260 
1220 2381 2317 1613 
853 2372 1407 2375 
1653 1518 159 1356 
1718 2566 965 1604 
1877 1365 1337 1729 
798 1978 766 1980 
2009 2542 2105 28 
512 1130 1064 1556 
1684 1002 863 2405 
77 751 1965 753 
1814 1081 1561 1819 
152 83 937 2065 
2030 1270 795 2639 
1171 512 1062 70 
1883 304 1236 1963 
2147 1558 358 1579 
2484 258 1683 55 
2455 1456 1553 2025 
1513 2369 270 758 
1500 24 174 360 
1649 1581 1410 551 
2301 2371 589 144 
1138 2261 291 643 
902 314 1726 564 
310 1044 801 892 
1195 1193 2149 1339 
1506 1302 2380 2273 
1587 1185 1679 811 
2125 2378 365 2031 
2226 1103 624 6 
769 2328 2163 73 
2568 2386 694 36 
1552 741 1784 940 
917 619 1454 1593 
399 1318 2466 1652 
1960 1798 1325 261 
1578 1221 946 1400 
230 253 2073 400 
2536 1530 1689 2509 
2019 2349 814 2643 
259 1573 1719 1398 
786 896 158 1280 
171 1307 1747 294 
1065 1097 2061 1882 
1803 2409 526 1746 
1118 2279 1965 1936 
2315 2455 2232 1279 
856 2235 1880 2327 
1666 1168 1380 1804 
2230 561 35 2169 
1378 2597 1860 1568 
376 1021 2444 2486 
2332 1811 1556 1065 
2254 1537 322 662 
1927 1946 312 1767 
2647 1501 885 1461 
2374 733 163 923 
787 1478 977 660 
1468 81 1230 1729 
2664 557 514 1474 
1973 273 1457 2007 
1829 329 1121 566 
2285 406 631 1341 
757 903 414 2422 
864 1183 234 1612 
733 2572 1240 2320 
455 2589 1552 1166 
499 1772 1819 40 
1010 2050 1289 342 
2098 756 691 2374 
226 527 1087 2648 
1323 1887 1973 1361 
1334 1450 1192 319 
2150 100 1528 2341 
715 2504 274 2468 
99 1717 392 297 
832 1835 1913 132 
2526 1445 497 1411 
2136 808 2456 2656 
929 1002 2504 199 
655 2403 8 2601 
1607 244 545 1522 
800 291 2239 192 
924 105 455 725 
2567 703 1637 1226 
2603 166 1062 2274 
1650 44 765 2522 
1068 1307 864 2406 
2090 1728 1597 1530 
2590 1682 1558 571 
537 95 2518 715 
1183 260 2010 1157 
1993 418 2049 191 
65 1291 149 2314 
2625 1169 998 2283 
1744 1207 1337 2158 
2214 1905 1687 1572 
117 1129 688 1385 
939 2409 829 2563 
1311 936 777 2650 
162 2236 2654 619 
651 2054 1765 1133 
1144 490 1373 1091 
468 409 1047 1880 
780 2143 2126 858 
1797 908 792 2634 
833 2427 2328 841 
1137 1307 852 311 
366 764 2509 2436 
291 1974 2599 521 
798 19 846 2451 
378 2299 1164 524 
1081 588 2038 2003 
2516 2549 182 2062 
1878 947 181 2418 
744 668 1223 1482 
28 2554 1070 1278 
187 111 2387 1962 
1621 282 1553 1265 
1812 185 2612 2489 
56 1330 426 2567 
1641 87 1379 1107 
677 1140 1357 2271 
1807 1917 1559 2568 
1774 1404 2093 1313 
875 28 2633 1828 
1551 889 98 766 
223 396 2130 1179 
511 771 2639 868 
830 800 2029 843 
2660 532 1909 96 
337 244 154 2154 
35 737 573 2366 
1195 1053 566 2316 
2626 1875 1947 1062 
1229 206 2029 1674 
2503 1161 2455 2584 
733 2361 36 2520 
1237 870 2635 2076 
487 640 1008 1840 
1129 1607 1816 426 
165 1692 1695 2219 
2002 866 1135 698 
481 2130 103 1338 
1330 973 2334 2366 
2388 750 1522 2501 
77 1798 645 824 
1346 2186 2081 1386 
1203 320 958 1705 
398 400 1564 1178 
2381 1882 2592 2045 
75 1343 2117 2274 
2584 883 2070 2518 
721 1390 1520 764 
1888 1017 1650 639 
638 1934 2092 1900 
2018 2036 2287 2371 
182 2377 1037 809 
1418 1310 2446 455 
2553 564 1403 803 
36 235 840 2673 
1159 24 2332 1324 
1917 601 1793 51 
1949 339 898 2089 
2184 1097 2026 1562 
934 2329 853 336 
1528 1885 424 469 
1283 1001 1537 1465 
1252 50 1940 2633 
200 446 401 2 
758 1946 302 1517 
1729 1930 759 1097 
869 2190 1592 1260 
944 1898 1029 1921 
280 2126 2020 1457 
670 1272 1960 582 
2520 986 18 384 
1337 1576 1437 2035 
2214 1698 955 2450 
292 1930 230 1587 
76 1949 926 1670 
730 930 2610 415 
787 584 589 728 
660 1352 2522 1271 
2200 822 613 558 
2337 992 159 2036 
2171 1405 1845 1615 
118 1151 2360 206 
2602 931 2608 517 
2089 42 716 2006 
2643 550 1441 2578 
1554 1346 1667 566 
1596 2280 1523 820 
231 523 1962 756 
773 1400 1985 1658 
1715 793 2005 2661 
2271 1349 1619 1929 
2281 1195 46 1185 
2669 2312 1515 180 
1483 1043 2277 2643 
533 2557 673 1083 
2470 1137 2218 2169 
519 133 970 488 
49 579 2178 2253 
2348 1561 1596 2393 
610 975 2182 2532 
843 2238 314 2035 
2408 2065 436 248 
2035 2544 1345 2666 
1652 84 1716 2019 
2601 1040 2189 666 
1470 797 1270 283 
286 974 2284 576 
1913 2459 964 172 
568 1359 325 462 
2060 1881 194 2424 
1241 261 1428 2464 
1878 258 516 2521 
1621 1114 2017 347 
2589 710 1765 2137 
843 1829 955 691 
1341 85 2183 908 
1320 1282 1703 1402 
366 2592 762 385 
1259 2478 1452 2173 
421 1602 739 1167 
1479 2599 2136 468 
1834 563 622 1827 
962 522 822 1850 
2356 1553 2245 1235 
97 1794 2193 2505 
948 888 475 2089 
849 1321 2245 1229 
2091 460 33 2490 
2332 302 1489 1812 
1027 1756 1184 199 
2420 113 635 2056 
1974 1707 959 2618 
1592 797 1302 142 
363 501 335 1849 
1006 2567 2034 1971 
1898 2456 618 2565 
224 1923 377 2023 
569 2051 736 2569 
474 1642 1407 1181 
1284 1501 182 722 
10 317 2500 1171 
1228 1118 2407 1042 
1118 1416 1253 1441 
191 2009 190 115 
21 2294 562 351 
193 2608 642 292 
734 2525 2392 1212 
56 737 594 1002 
1901 2497 113 2604 
1167 1238 2674 804 
294 187 2280 2425 
685 1103 477 161 
273 422 1856 1816 
343 1342 2169 1128 
2 2142 1000 2498 
108 2037 1216 995 
848 325 1361 2518 
2126 1459 84 991 
1193 1659 2381 1072 
369 867 859 1505 
2390 814 1804 1016 
672 1297 2335 791 
1545 347 1030 1172 
1906 2364 1162 2153 
2205 2603 1893 1885 
1968 2295 2388 91 
2098 2378 1100 1642 
1749 468 257 1850 
389 580 1884 2579 
420 1081 765 2362 
167 657 409 998 
433 1530 1048 1572 
2067 1657 878 38 
203 2495 1671 708 
1777 146 635 2430 
2449 2035 2596 1783 
735 1743 1772 1214 
1695 1241 1043 1235 
218 436 323 2244 
1901 2383 1328 2604 
2462 1604 863 1240 
1198 1404 2664 293 
1799 1922 775 115 
2334 268 281 1972 
1462 1218 857 2676 
1752 388 1972 2054 
826 231 737 1040 
1164 35 2457 1463 
810 785 301 2445 
704 330 935 1803 
2062 1384 130 1089 
1635 999 1384 2193 
2621 1745 257 1428 
763 170 2597 1786 
8 356 1272 2598 
166 1725 1889 1202 
2366 488 1525 683 
873 1881 1532 2469 
2561 1344 558 2361 
1897 1598 1454 2308 
527 1179 1343 337 
2300 385 1239 1713 
1143 1891 575 2077 
1798 2274 97 2014 
2620 1754 2356 2583 
1935 675 2592 2037 
21 534 499 504 
1126 2644 807 1631 
1833 1475 2438 535 
1935 545 1 2268 
389 904 1178 218 
2039 1862 1107 466 
1951 2007 2656 1106 
2498 640 1435 8 
2107 312 1372 1226 
1725 1408 819 131 
1789 1423 1359 604 
2304 161 2368 1845 
2364 104 1211 2554 
142 1321 52 2085 
509 629 1783 2329 
955 1865 2425 2399 
598 784 547 467 
1288 526 150 1873 
2343 2427 2548 835 
1134 234 2062 2010 
2459 539 1400 814 
640 2535 2610 1092 
2077 2300 1063 2379 
262 765 2509 362 
2474 1819 973 1331 
613 1763 2270 1291 
1242 78 1009 1612 
3 1237 958 1359 
323 469 570 328 
666 1638 1299 2173 
1356 271 654 1228 
1863 1457 1091 1733 
2559 573 485 1954 
643 2446 2077 1735 
2427 538 2119 2458 
443 2569 2576 1164 
450 1210 1978 2636 
1498 2597 918 1228 
163 1709 1529 1765 
733 1463 1201 1671 
2358 282 2079 1852 
1768 2312 592 608 
357 2309 2279 1115 
543 2113 2362 767 
734 1243 2176 1837 
1960 2200 595 1896 
2168 738 609 2615 
1190 967 218 783 
82 1003 589 2446 
1740 1996 379 1168 
2013 1246 932 730 
164 723 1056 369 
2125 1411 2035 2513 
1134 1489 131 1425 
2462 1559 2188 1158 
2422 761 2203 203 
1655 2032 1326 2346 
1830 817 1893 516 
300 2257 1618 2213 
1518 476 1588 1826 
1549 2125 662 2145 
2169 1417 186 2156 
100 1018 1949 1285 
2146 1520 176 1410 
578 2196 1090 1592 
2197 1238 2386 495 
2339 1848 2463 13 
2047 2084 2174 1988 
2072 2154 431 2255 
1536 2622 944 1140 
2603 139 1330 1808 
395 451 1917 2466 
781 1134 430 2516 
707 2332 106 343 
1286 1068 2593 94 
2630 2579 1926 2671 
2374 484 2266 1707 
1894 1209 1838 289 
386 560 974 1484 
741 887 1498 595 
1671 733 702 533 
513 2048 1390 624 
1080 2623 1877 2307 
2116 524 2630 1809 
2423 2253 679 284 
1428 790 2647 1091 
986 2153 582 249 
2477 1619 1015 217 
1447 1981 1539 1086 
2101 1607 938 533 
709 279 864 1548 
1585 1050 90 1108 
130 462 2668 778 
1820 2089 1143 2216 
333 2086 563 1295 
1821 456 40 1205 
1349 863 1638 659 
1998 42 525 2456 
735 2052 330 1324 
514 2134 425 1528 
1961 960 485 743 
1329 515 1937 1651 
183 1755 1335 1285 
2526 220 2054 931 
896 2214 390 1903 
2616 298 479 1012 
676 2478 1373 1289 
2283 384 1340 16 
1535 2476 716 486 
1750 1783 839 1348 
2408 437 1924 1560 
316 352 1448 948 
231 2466 960 1905 
1337 1903 1568 2147 
1464 292 702 22 
2638 2316 2354 2334 
1639 1285 2368 815 
1590 1144 1641 2032 
2287 1530 2598 2547 
1348 1889 2592 1174 
759 2588 1916 796 
788 2285 2039 1754 
341 791 701 1481 
1712 2655 1354 1310 
820 1764 2078 796 
1179 2314 229 1044 
1014 264 2289 874 
2619 2164 1 941 
442 587 1594 1523 
1293 2374 2576 1955 
1925 227 300 322 
1088 1153 1514 591 
1525 961 64 1274 
1848 1089 161 2121 
260 839 1233 1834 
397 511 2139 2365 
1945 1300 401 526 
2607 971 1459 1360 
104 2538 2348 247 
997 2561 1435 82 
337 1471 1540 2142 
356 1805 1384 649 
2089 778 2463 39 
732 2162 2505 1221 
2340 1904 653 2527 
1147 1099 2466 914 
958 2196 1145 1998 
702 1718 1167 960 
2380 1786 1201 1254 
1323 372 2301 2602 
488 2324 1625 1166 
2393 1422 1273 2535 
591 1818 463 15 
2181 1803 2109 1912 
1078 1727 2329 16 
157 1651 507 1242 
1240 2585 59 1979 
2325 1452 1408 430 
2191 644 1278 1619 
20 1219 2012 854 
1327 1747 2082 2500 
1888 846 2362 2082 
1232 2283 1392 221 
135 786 1664 1820 
1625 2292 667 912 
1235 866 202 1639 
1212 2158 2057 2588 
1149 988 70 1911 
315 2032 353 1507 
2043 881 1529 2445 
334 2011 2232 1804 
583 1770 1365 389 
1848 1210 1103 496 
1418 1096 1976 1343 
2120 881 2177 255 
1005 551 1911 2442 
2551 2572 673 1220 
537 487 1489 1312 
950 167 2278 124 
217 2135 43 1122 
2523 568 1831 810 
1695 1857 1823 1777 
1166 2472 505 1092 
1410 1140 1119 876 
2347 156 2160 746 
887 993 1440 994 
2653 1167 2231 1811 
324 843 570 1101 
1849 824 1530 482 
408 2617 593 1804 
2116 1259 2452 330 
2577 458 735 2200 
843 2171 2610 1764 
963 1405 341 1893 
121 2020 2591 1745 
1982 854 541 1302 
2178 1900 1156 722 
1004 1826 2274 1385 
222 199 663 1099 
1535 2670 130 409 
2556 93 1613 541 
589 148 642 2323 
2058 2555 335 1452 
324 2258 780 770 
2490 2194 1198 562 
1879 100 1978 2349 
68 874 1690 2006 
638 30 80 408 
1139 1834 123 541 
1524 1286 1903 1538 
2255 1935 943 2294 
171 1180 1134 776 
690 483 1389 1094 
2460 378 596 223 
1268 1120 692 1008 
2547 182 570 510 
2385 1538 518 370 
1693 996 1638 1665 
2379 2024 1563 2604 
1712 939 2603 283 
1044 65 1293 2044 
338 2204 1346 833 
1339 1674 2394 125 
1436 696 1327 78 
2195 1533 2566 1968 
1309 630 2499 1792 
1097 488 827 2451 
2349 2194 14 781 
2381 1472 1088 1228 
1594 1733 2117 1536 
1921 1662 1850 1568 
1570 2642 2217 1275 
382 555 1826 142 
1156 1822 236 940 
590 2359 543 23 
1346 1308 696 919 
20 1904 2468 1076 
1363 1737 1627 2363 
1870 1549 1814 2578 
542 2571 1008 1061 
1761 1704 2266 2524 
2498 521 939 1596 
1443 1603 1969 1138 
2038 1422 2489 2640 
409 2191 2332 1167 
761 1985 2395 376 
2612 1722 489 1888 
2028 2142 1862 231 
914 665 914 700 
195 2423 1275 453 
145 743 1367 1145 
1776 34 1421 1976 
676 244 1264 474 
2093 2598 1027 585 
111 2004 1575 2581 
276 409 459 2564 
689 1354 138 1539 
1227 2039 1258 1292 
737 2105 1326 1453 
2450 464 883 1948 
770 2621 573 336 
1120 252 2191 1387 
689 1934 2354 1149 
830 2494 1742 1336 
559 1702 224 197 
1378 1190 1887 2323 
419 2460 2358 1273 
1754 2138 123 55 
2192 1584 660 2648 
1578 107 1646 447 
2229 294 231 1864 
488 1484 1049 1048 
1088 1155 21 1577 
2573 1227 2294 134 
38 659 1177 1147 
148 27 1312 451 
1090 934 672 650 
2432 2025 504 101 
1359 1713 841 1703 
273 1406 179 1733 
816 822 1502 661 
864 1081 1788 1688 
1409 1219 1653 156 
123 10 1714 959 
388 1519 1315 394 
2582 26 1826 324 
2207 519 911 640 
2309 2193 1497 1989 
599 753 513 2614 
1837 2104 732 1045 
898 1070 2464 2057 
1578 1987 1853 407 
2333 2369 440 2313 
1928 1418 322 1635 
1888 1642 1177 1150 
14 1432 134 2297 
601 1001 1162 2403 
1566 862 1105 1824 
1119 2534 2404 410 
955 1054 703 440 
436 1186 734 14 
1672 2606 505 1209 
2282 434 157 2195 
1234 2265 1080 2603 
695 116 791 981 
2001 2378 292 544 
2030 2625 2043 1136 
678 260 1687 2009 
1594 520 2628 1287 
2223 2353 1502 9 
766 29 153 1745 
357 634 1508 2385 
1743 210 758 1710 
966 343 1517 2662 
1754 2458 884 1178 
1206 543 1867 1044 
247 905 417 298 
403 534 436 2135 
2314 633 703 2627 
2563 776 1690 40 
443 1552 330 780 
1239 115 1197 1305 
2264 1432 766 1120 
2175 1863 1760 910 
1974 1988 551 1256 
2343 1190 1938 1497 
2567 1365 2462 32 
398 2233 259 2426 
1963 465 1391 1207 
1554 73 323 2610 
1662 1305 903 788 
2578 1388 2067 2596 
1568 1366 2141 2348 
336 2029 2123 387 
2539 455 1186 767 
1990 1561 1738 1157 
1229 88 531 1319 
2641 674 1520 1147 
1561 651 849 1017 
922 2222 1670 1889 
1737 1774 2306 1449 
950 678 2380 2451 
2011 890 1803 496 
2327 877 1452 1718 
2643 1518 1173 1998 
1778 305 1004 2106 
2131 1818 242 2627 
2033 480 758 990 
10 1250 1742 2446 
899 1304 111 1871 
110 162 2297 1440 
2192 1951 1453 2137 
525 80 960 1871 
379 2362 742 2455 
109 1703 580 853 
1437 2601 972 2111 
1929 625 619 1086 
617 1032 96 2340 
11 1843 2057 1137 
929 2355 2615 1286 
2155 848 87 540 
732 2417 2127 794 
1685 291 2552 768 
1748 1006 1327 2636 
2294 1879 969 2088 
608 257 2053 498 
432 2448 1200 1845 
1194 649 482 771 
512 1496 32 607 
923 538 1085 136 
1917 2323 1317 377 
2167 207 2374 1 
2228 535 995 785 
2226 285 2259 133 
207 2308 2067 994 
524 1957 2516 748 
1255 338 2341 606 
755 1709 588 857 
659 2571 2434 1174 
2192 1135 1512 2377 
1683 2633 627 224 
1724 928 1413 1102 
1757 25 1709 1977 
1894 1817 1365 1688 
627 1938 1945 1874 
273 1011 1908 2597 
45 1715 356 1575 
340 141 2241 1014 
1317 1401 956 636 
463 1528 422 367 
554 2339 371 730 
1930 1055 1928 1015 
444 2648 877 981 
667 1498 18 881 
1356 1435 880 1399 
1543 813 1295 1832 
1733 2393 2223 2159 
969 977 2370 1555 
1228 886 2622 2612 
132 1184 214 1512 
2249 1983 281 878 
1806 52 1601 502 
2572 456 1483 2512 
2394 1945 926 1147 
1507 1169 490 2013 
202 127 1522 594 
2549 1577 1187 2477 
2047 996 182 2530 
1753 2302 2430 749 
2600 2408 2030 1219 
2409 305 920 254 
821 2217 758 1033 
1599 206 2247 834 
2275 447 2089 657 
2211 2536 2642 499 
1991 2346 1513 2307 
363 2009 1827 2382 
255 713 272 169 
1363 2094 2177 1317 
2206 1636 2635 1627 
787 1793 2300 488 
1068 1199 1678 2496 
2529 2616 2674 827 
1364 1148 2279 900 
2222 1575 772 2074 
1919 768 1781 904 
980 487 2447 847 
1239 1408 1908 2007 
2440 1684 883 1129 
1052 1886 1364 724 
2090 1043 25 365 
1252 2485 2172 2671 
2471 1081 1195 471 
28 837 1521 623 
1086 2360 2530 1992 
2277 590 137 110 
338 622 2299 2577 
1646 566 1168 43 
1551 2042 1882 1196 
460 531 2148 1679 
1169 1828 2625 1956 
2177 510 226 2627 
2356 82 519 599 
481 733 2412 1540 
855 163 1183 1837 
1088 601 2262 1543 
1042 1786 621 318 
1158 741 2588 2230 
2644 228 763 1226 
2188 345 918 977 
510 1709 257 2532 
561 786 2419 2574 
518 529 2473 2342 
748 1354 501 615 
2075 987 1409 44 
1565 441 2474 1772 
1265 793 1201 2267 
622 1470 1630 155 
1054 623 2242 2238 
847 583 2190 2352 
2226 2426 1087 471 
251 2593 2122 551 
2674 2144 53 1990 
1316 2527 1454 1289 
1918 1650 673 1006 
2430 1890 2390 1052 
124 1498 460 958 
1485 339 1085 1974 
896 156 1323 50 
2632 1946 2633 846 
678 239 1223 132 
1463 2395 1666 294 
1415 538 1882 1726 
2557 1602 1759 1559 
2250 2183 1521 1 
1947 1630 1666 1245 
1351 1356 2542 1222 
2291 1550 1382 2041 
168 2464 2198 313 
1524 378 40 108 
474 558 540 956 
1807 1012 1046 1576 
1108 1814 1961 1304 
2226 409 1447 1253 
1585 1016 1625 2154 
324 2179 1815 87 
560 2039 1961 945 
1979 972 2283 797 
1691 1295 2569 533 
1032 1220 1266 994 
517 252 2537 117 
2648 68 204 1638 
1509 839 1423 1374 
1001 593 2294 1956 
1579 2435 177 2125 
2600 2140 2558 1599 
2404 1735 1566 852 
1992 2134 824 2659 
788 568 2499 2305 
1760 117 2423 1437 
12 311 2112 1513 
1116 1201 292 1737 
1699 2365 2089 877 
2007 2588 1140 2000 
712 373 278 1539 
151 1478 2389 1888 
218 1923 2350 478 
2147 1170 582 342 
2010 344 1064 1428 
612 714 326 2156 
2290 1018 1531 1447 
247 2371 410 920 
2630 1012 2398 991 
1900 1694 1896 713 
48 1142 1457 2067 
2226 1402 1596 300 
2313 1350 2278 50 
519 2606 465 408 
1453 892 2164 2214 
2573 2308 1082 1813 
636 693 1802 1060 
1970 1689 1427 667 
1213 101 2557 88 
337 653 650 459 
1432 2271 566 1172 
1802 511 2055 96 
1960 284 1796 1956 
494 1246 794 2474 
1696 658 1426 1023 
1738 1890 1023 480 
597 1325 815 2518 
1962 1825 774 1310 
1360 1701 1823 982 
89 1407 515 2530 
2664 210 1732 791 
487 259 1224 2400 
2150 1962 560 1916 
1439 762 1175 484 
1945 1552 1811 2506 
2617 1073 201 112 
1072 843 714 2585 
222 123 1585 2346 
1188 38 1316 1926 
539 1100 55 1850 
743 404 2032 1561 
1302 709 98 141 
392 1180 1003 1452 
1996 1805 7 483 
999 28 2409 557 
1252 1368 1673 1019 
2074 532 182 522 
710 2604 128 1395 
418 457 242 119 
2425 2571 533 1926 
2013 1369 1245 2100 
2567 1684 2355 410 
979 1174 1845 2241 
2288 1245 2096 2314 
1410 622 407 2477 
1645 2398 1544 231 
762 2595 826 801 
939 217 190 14 
102 740 405 1469 
1230 1512 2097 2148 
327 263 2581 181 
2254 1992 1557 2229 
2205 956 2461 621 
708 1804 1394 635 
11 589 2001 1433 
1490 892 2093 1743 
1339 2478 1962 1849 
635 944 608 2166 
215 1621 2098 67 
924 901 884 2163 
1316 1393 1489 712 
67 1284 2475 669 
2483 1587 130 860 
1167 568 393 2292 
478 2605 1730 802 
1158 1109 2591 2051 
806 742 344 1326 
1891 1944 1518 775 
1875 2252 1919 2265 
2660 1935 1967 1979 
924 617 2213 96 
142 457 1162 687 
645 1694 2032 1120 
2385 1216 2227 97 
1564 1233 217 2614 
141 648 1483 2250 
1029 909 1890 1848 
789 244 58 81 
775 656 2496 90 
1101 127 1782 1441 
1843 2510 1269 1150 
87 2379 2485 688 
2431 2296 1488 261 
2675 797 331 867 
1395 2219 1233 1253 
176 1164 2434 2166 
1379 793 2580 2073 
1632 1495 964 764 
1695 59 1572 262 
2154 2363 2144 354 
2041 2032 1125 1841 
2116 854 2412 114 
985 1349 1874 2340 
2378 1086 2171 1681 
34 1439 1687 1483 
884 1425 191 1754 
19 1771 925 1928 
1 446 1893 2433 
1546 1293 777 2160 
1599 2345 2099 839 
600 1033 1038 628 
1149 338 708 1143 
2295 2402 313 106 
1311 19 2004 1444 
739 17 711 1798 
980 1812 1466 730 
1073 291 887 2317 
2348 1654 1770 1907 
590 2455 1205 1678 
1783 640 1416 835 
2325 1216 778 1379 
1114 1562 2013 761 
974 1368 856 554 
2581 2340 78 259 
1913 636 886 559 
2298 2063 2500 158 
1053 417 99 2475 
218 2151 740 48 
668 1058 705 831 
1315 2013 1752 2155 
0 2386 1634 90 
1410 2187 154 2115 
592 2477 1122 99 
2459 350 2177 17 
2230 443 496 922 
799 382 1862 1160 
455 2266 1903 904 
496 461 476 1376 
2224 879 212 39 
993 1671 2059 1003 
2140 728 44 1807 
165 1231 2088 812 
1638 1422 1727 528 
1283 2089 2149 977 
153 1715 413 2536 
927 1473 561 1394 
855 27 2651 101 
562 1391 1082 1930 
2082 2371 2554 339 
1100 1129 1418 1144 
466 939 1396 2161 
2328 424 630 500 
2640 2041 2094 1874 
896 2506 1004 1837 
2128 2328 2579 429 
2184 2289 1952 871 
1041 674 333 1032 
158 1200 1813 1761 
1444 1970 1763 1393 
580 2506 923 696 
2111 1297 2117 127 
891 445 900 834 
2640 1846 257 841 
811 886 2402 835 
1315 1088 1339 500 
1167 1267 876 2520 
1880 63 2655 874 
1349 266 953 507 
1889 1512 206 1812 
2268 828 542 151 
2598 1860 2355 2644 
923 2418 804 1694 
557 835 1235 1696 
549 179 1620 1925 
1008 128 539 513 
1992 709 1785 1309 
1532 1783 1666 591 
2016 1748 503 115 
464 2022 143 1296 
69 2139 2478 1811 
249 1681 837 1014 
440 104 1548 136 
308 1735 1651 760 
1939 174 956 888 
2173 1553 172 2616 
593 464 790 277 
2082 1157 2427 125 
2057 448 1564 178 
448 1867 139 2076 
249 1785 698 1142 
1105 673 335 946 
2284 1334 2420 2247 
720 48 2187 869 
1204 466 575 353 
2065 2441 943 1620 
909 2260 1070 310 
827 1470 2383 1206 
2274 314 709 1506 
2627 339 717 481 
275 288 1707 613 
650 1539 1091 250 
2417 2263 1469 1016 
255 1666 381 674 
1179 2505 1917 2273 
884 2167 2415 890 
1905 1789 2522 445 
141 2525 2330 1562 
2116 1479 1473 2614 
606 2068 1152 1284 
531 509 8 2505 
1413 2209 1909 1741 
839 665 507 507 
1184 1940 1036 1786 
1679 309 445 2289 
188 2216 2032 1022 
62 1734 2173 1425 
2355 180 169 903 
1578 519 1153 1382 
1692 646 2137 2234 
455 878 923 2668 
38 1826 459 1979 
2142 548 1105 140 
1619 1618 945 1147 
27 1925 531 1989 
1159 1767 134 1264 
1561 418 983 2451 
74 541 2487 2306 
739 2260 325 2306 
393 1948 761 1903 
1797 1749 1751 2535 
1165 352 919 225 
610 2036 307 628 
2509 1770 996 2296 
173 330 653 651 
2277 1962 956 819 
524 1474 1781 2453 
1886 1888 2524 2518 
435 498 2171 1810 
1247 673 28 1618 
2162 1541 1324 1687 
2530 2208 1164 1521 
1459 1605 467 2599 
642 740 2174 824 
706 2270 2421 1717 
387 2072 563 1162 
2191 2404 1467 1632 
1810 1596 155 1420 
1757 1757 1790 1435 
2419 126 2401 797 
1058 149 544 1188 
230 297 1493 2105 
1763 1409 1826 1073 
828 2093 1876 1952 
471 510 2532 349 
2199 2583 1526 1077 
2522 1484 733 611 
268 2450 1898 854 
296 308 2547 8 
1443 991 1594 2667 
2477 1161 2405 869 
27 120 1381 1482 
904 1618 1625 125 
1086 1322 2035 787 
724 1944 820 768 
2123 163 210 522 
1275 0 1272 568 
940 1320 1852 1831 
2456 325 2202 1772 
1055 1038 472 1059 
970 2164 393 1437 
69 1185 1887 2362 
330 2271 2668 2499 
2426 277 944 1056 
2458 1384 424 1152 
122 2092 1949 2020 
57 1337 0 2276 
1745 817 1030 250 
507 348 2436 890 
1473 2272 729 2116 
681 222 37 2103 
250 2032 1611 2106 
2670 2177 572 2562 
8 540 492 519 
970 1148 1073 1385 
115 2402 321 2545 
1681 2447 1945 2604 
2240 2033 172 1782 
1537 151 490 1706 
208 1613 144 955 
730 1375 395 104 
921 1332 2301 1791 
330 2611 1741 215 
438 2578 965 155 
1757 186 1448 1635 
1562 903 755 1351 
1460 1553 2152 800 
1589 233 936 417 
2530 480 1121 866 
1129 984 1572 667 
466 1151 1768 1776 
1131 2188 2043 2114 
2290 278 2015 2314 
388 1496 1826 1867 
208 2075 2034 2272 
1984 1143 325 2463 
1814 1128 587 1196 
78 1088 2035 2459 
1354 468 2614 1494 
1218 1530 98 571 
148 2427 1320 1969 
2178 108 1815 1522 
902 1785 291 1108 
1412 2632 348 1379 
2305 2152 1506 1926 
329 2438 1637 2423 
2413 2556 2668 2145 
1723 1157 826 277 
1195 535 572 114 
1811 911 178 2403 
418 2217 2235 173 
217 577 892 1901 
2623 1563 2567 1441 
1574 94 423 2168 
2368 754 120 1667 
1723 2004 2254 95 
1156 2315 252 452 
271 255 575 2500 
1391 2554 2313 2516 
838 1178 710 2538 
2020 985 353 2124 
305 189 1079 1560 
1610 1262 583 2606 
1859 89 317 585 
2250 2623 1895 624 
2196 637 854 1084 
2391 993 109 389 
251 1121 20 1466 
375 2041 1284 1952 
1712 270 1047 48 
1823 2518 2385 2398 
887 135 513 265 
565 2109 1588 1065 
2478 1958 975 2375 
1643 856 1749 363 
286 1360 1267 1858 
1069 2221 389 2476 
2393 2285 1671 2283 
565 1615 2629 320 
922 739 1699 2161 
1895 1047 2145 1057 
2539 2101 441 1309 
686 2604 325 2218 
1134 578 204 1661 
2513 1275 1061 758 
101 849 2055 2181 
1417 1602 121 1479 
594 757 1139 147 
1293 360 2377 1421 
2324 166 413 2001 
375 846 2623 2331 
2111 207 2016 1087 
467 2068 284 172 
2029 211 1526 6 
1211 1642 185 1362 
2290 1273 86 2219 
140 7 1495 477 
455 392 2244 564 
1145 1900 2313 1740 
380 1437 43 1477 
2554 461 2231 1037 
274 1437 2550 1913 
1903 1707 998 996 
1117 114 649 2464 
677 491 1800 1171 
108 1936 2226 217 
1821 1992 223 5 
1075 180 479 910 
603 149 286 1204 
748 1757 827 1538 
1477 1710 1146 2099 
221 244 2059 1188 
2499 1773 2085 2024 
168 497 640 1680 
1952 701 2642 1752 
2458 44 1752 1793 
36 2483 1874 1590 
1715 821 1944 2542 
2265 139 450 1963 
1347 2380 1699 167 
2570 891 300 2564 
1213 2393 2633 1205 
1837 1675 2205 948 
1470 301 689 440 
1126 1426 1326 450 
1851 1823 273 681 
1829 1645 2113 338 
2629 536 1722 1601 
302 1810 1100 169 
672 656 1469 1722 
2396 1004 1562 2203 
2135 1329 1155 1751 
446 191 689 2615 
137 476 1010 1028 
1666 1756 615 1085 
2083 148 1147 235 
1326 2651 1333 933 
2237 564 1360 1438 
2133 2150 2497 1626 
2659 1347 2085 1621 
2239 1253 137 733 
1165 2123 2499 1889 
2658 800 1179 290 
955 1585 1863 1448 
2363 2281 1983 130 
1057 1154 439 1820 
548 970 1119 287 
2664 2428 1047 1295 
1955 909 105 2531 
339 1778 1539 1055 
369 1532 1725 1055 
2084 1784 1227 552 
1836 669 112 402 
222 996 2484 2299 
1623 429 230 2391 
2290 2134 1364 2609 
1481 214 909 2638 
2144 1694 372 1315 
2500 2297 503 721 
1946 506 1482 166 
1835 2187 1475 2178 
1514 894 2034 2067 
966 1145 1024 819 
472 1548 949 1920 
1243 2309 2348 1575 
1338 628 803 1002 
871 1925 2573 2166 
2102 2200 1944 479 
351 737 891 2029 
2335 47 25 12 
772 49 1692 2082 
598 1959 252 622 
916 2450 330 1100 
2498 1598 2288 106 
658 968 1661 1093 
776 1733 1482 933 
1631 1425 770 875 
1308 917 713 667 
1477 2561 273 2323 
377 246 1748 1782 
1805 73 247 570 
555 757 2635 990 
2230 2335 930 2218 
2624 2439 220 1151 
554 815 1476 490 
593 1283 204 1008 
2501 1108 2121 1435 
2595 1214 202 820 
2196 1807 344 1361 
590 288 743 2344 
1852 1516 1754 2439 
560 2371 1249 2669 
467 1012 2527 1335 
653 397 699 219 
1422 1041 1331 970 
141 1237 2282 11 
2029 474 464 678 
2025 1286 737 1070 
1685 2445 185 2031 
785 1179 2465 1142 
1900 1437 188 2576 
84 76 1224 1143 
2287 1702 719 1486 
101 2321 577 525 
827 1786 2497 1433 
165 1929 640 49 
776 548 1903 156 
2488 1393 571 1958 
506 2643 1016 1722 
1369 2120 2310 1786 
671 217 89 297 
2519 672 662 1163 
325 1916 709 2301 
960 2545 1205 2312 
2141 1584 2097 2652 
2088 601 1454 1935 
1430 1729 618 641 
1102 574 518 2176 
1473 414 2072 336 
628 1101 906 2432 
1613 1912 2534 1001 
2018 640 908 2509 
1167 2336 2513 1353 
504 2104 1305 450 
2247 82 1625 705 
1666 576 1209 422 
1838 845 1560 1744 
2350 1156 2344 2106 
831 1185 1966 2016 
661 1527 938 151 
1948 1347 570 165 
271 2386 702 1766 
2340 2660 75 877 
286 2184 1315 2035 
1501 942 1518 1595 
417 2089 226 856 
2339 1864 1368 2114 
2670 2569 489 2079 
1372 1980 1795 170 
2046 2003 726 2271 
646 2086 568 2085 
1317 1626 70 1852 
904 2108 2039 129 
758 307 244 2586 
831 631 1926 1569 
2180 2236 120 663 
750 2008 2153 982 
1544 581 133 1567 
78 349 1036 1258 
1669 1720 1434 585 
839 1644 2221 2571 
1961 237 1882 774 
1565 2496 298 1437 
1619 731 1257 2513 
2353 1188 1788 2515 
2176 744 1192 410 
1243 1750 1379 1436 
29 78 439 1816 
466 167 2138 973 
368 1333 1906 2266 
2228 1186 2333 127 
2537 1897 2038 794 
346 64 1896 2240 
1504 643 2338 1389 
2100 823 1292 1925 
357 2204 1251 52 
1781 2289 1846 36 
140 1981 1255 887 
858 1986 1566 2474 
2649 2612 1553 2470 
1659 1028 687 1860 
1829 1933 1526 780 
2224 1581 903 1894 
1460 609 443 814 
763 2166 903 1215 
2166 1086 1242 2383 
871 97 1183 285 
2302 296 740 1327 
1160 2406 1457 2256 
1000 825 3 1113 
1300 2257 612 130 
1302 2287 1553 2040 
522 1951 104 657 
2045 1771 1014 804 
2047 1341 660 1953 
1314 933 704 1149 
2290 1947 1262 843 
383 2472 1019 2242 
545 2234 2056 1991 
1125 2534 857 171 
1494 655 2324 2631 
1544 396 1348 992 
987 914 589 729 
1500 1009 1078 1510 
187 2608 1716 1490 
1336 2204 781 901 
1616 1168 1145 2057 
1443 768 1699 696 
1324 2637 278 2375 
983 2242 618 2147 
897 2266 1711 1904 
1305 337 1389 783 
356 699 1626 1576 
244 1507 2460 887 
2195 461 1578 2385 
1853 2341 221 1167 
1306 724 1816 27 
835 631 2197 260 
2604 1655 361 2207 
1587 2601 434 926 
1116 770 1464 1303 
716 53 1827 2120 
2405 1131 33 91 
427 355 1719 1459 
1017 1507 236 1036 
154 709 2023 166 
1798 1585 2241 797 
257 1253 1394 414 
193 438 1071 2396 
2468 923 1156 675 
992 1629 2089 2382 
417 10 2484 2659 
864 1538 2002 1456 
235 1484 1801 1905 
1819 2256 1697 100 
2520 225 1228 882 
1523 1541 1018 145 
2601 618 708 2253 
943 1136 1058 1549 
447 1311 530 136 
2606 2601 2089 2189 
60 980 2382 1216 
2251 382 1337 2365 
12 1293 567 495 
1303 1500 1694 459 
2337 433 660 2025 
178 2664 1096 2416 
1905 2648 774 328 
2200 1940 1436 433 
2019 2668 407 480 
1401 1207 776 1676 
1768 2281 219 1384 
338 422 704 2099 
217 1464 2637 2634 
312 2407 613 1757 
1949 1377 1505 429 
833 213 1126 1613 
59 604 634 1905 
2294 1141 1628 901 
980 2295 125 4 
946 172 2589 1886 
506 2576 869 2569 
1389 1781 686 1751 
205 502 2100 1291 
749 1511 1369 1382 
1107 1104 40 1228 
2 1724 1176 2466 
1445 2146 189 399 
476 2470 1998 1284 
2329 1135 2597 1308 
285 1671 1876 702 
2234 2506 485 970 
2624 1258 1032 1297 
2512 375 599 229 
2260 1578 2578 2302 
473 857 1960 1549 
1172 2462 1687 205 
206 1197 1140 2560 
408 1560 1567 949 
2562 1831 2415 1730 
1759 236 2669 1632 
1707 1290 1063 398 
2487 2 335 732 
753 109 503 687 
1769 775 799 1945 
1701 1465 544 1011 
1299 76 1149 1875 
2137 801 2005 1039 
613 1875 2202 1230 
510 1372 848 2083 
679 1472 2237 427 
2177 1580 1503 2158 
742 1805 2083 1453 
1745 2320 1081 1775 
1495 629 130 1998 
2643 216 1125 1191 
909 423 471 679 
1276 1577 899 2238 
2316 187 580 1541 
334 714 1564 339 
2470 156 1036 259 
1953 150 1292 814 
975 2111 2276 234 
2491 1708 1052 2098 
2408 2652 713 2655 
1744 1920 802 2191 
129 1771 2610 1885 
2105 432 1598 2602 
1111 970 1317 715 
316 149 2671 2286 
1156 1326 1302 766 
1467 27 2312 2431 
1168 2222 1595 1708 
14 152 2428 1454 
70 11 755 1982 
2662 1435 1774 12 
537 1962 355 408 
2208 1833 292 1757 
1630 300 1610 1246 
163 860 414 2131 
2109 862 617 901 
566 639 636 756 
1930 118 925 44 
421 1621 1441 2609 
2550 162 454 571 
296 2048 1266 1463 
1480 919 1134 525 
1703 1790 1557 1926 
968 2243 800 557 
2069 1456 617 445 
1619 2336 1815 1636 
1276 995 1771 307 
2535 2008 691 219 
543 1292 866 1329 
1853 624 827 2279 
2538 2133 1047 2466 
1966 1474 794 1150 
2506 1163 1093 2199 
2605 2660 1896 1254 
2196 1443 977 632 
1808 2395 586 1770 
1047 507 971 75 
1282 1121 832 2005 
481 1153 23 1938 
1332 10 880 24 
824 1670 1763 2501 
2028 850 25 8 
344 682 985 2117 
2004 1352 1637 297 
2347 2156 1117 302 
558 808 1922 1069 
995 2510 1069 882 
1776 353 1214 1758 
133 923 679 2401 
1518 1811 1830 2257 
1982 2597 305 274 
1583 96 1478 2404 
1156 620 66 855 
1561 1854 1849 1030 
690 2014 1015 876 
64 2258 1324 2579 
1199 1342 1184 1959 
236 2110 2466 444 
301 890 1028 431 
230 2606 1358 320 
1720 1532 1943 631 
1893 1525 888 2064 
2478 1430 237 2079 
913 1044 2626 2521 
2565 2304 2427 2586 
1797 2467 1671 536 
1196 1087 883 2367 
2211 2454 400 1206 
2423 839 1821 826 
2200 199 630 482 
1487 1301 1191 2456 
2072 1022 1717 1867 
1122 408 2084 612 
590 647 1293 468 
993 115 909 2198 
2190 1525 1836 84 
1009 1526 1342 1225 
2636 643 459 1885 
1578 1075 1391 2124 
1277 1595 1348 969 
490 2219 2103 111 
740 1595 721 1789 
620 1387 1450 435 
1741 670 1729 2186 
2472 2337 1903 2554 
1976 860 53 210 
2097 778 2198 2238 
866 203 2555 1256 
253 2378 2540 1569 
2477 1805 665 620 
2116 2174 1218 153 
11 74 618 1073 
357 1612 1481 542 
2126 1890 1640 2438 
491 1416 2068 730 
2449 2064 65 988 
1593 2550 2381 686 
2226 2446 219 2008 
1771 1276 1194 308 
2074 1294 1584 750 
1805 1412 121 2282 
381 943 761 2019 
748 2308 1528 586 
150 1267 1288 1700 
486 1110 2642 2349 
2490 294 1944 1990 
1242 131 1462 459 
2351 1514 2325 863 
15 1911 2332 1328 
1669 641 2619 2048 
1581 2383 894 524 
1802 1021 374 242 
2300 2086 1250 179 
943 1342 1779 1235 
795 2626 1995 1668 
1171 1063 65 595 
2024 2442 1702 1734 
2367 1802 2323 1785 
137 2591 1482 1974 
293 1483 2672 1245 
1299 2483 1922 2478 
392 629 962 1318 
421 2656 1585 1803 
337 342 1274 242 
439 1876 1178 2418 
1044 472 1342 117 
206 1729 2317 63 
2055 1021 358 32 
156 1684 808 506 
2039 2178 1989 803 
1502 1169 1376 18 
592 2157 2028 484 
1139 1917 100 2111 
2288 796 1745 2508 
24 1186 2319 922 
580 2281 1206 2597 
1954 2092 2520 473 
606 1975 1368 159 
1147 934 1730 2137 
1372 457 1522 299 
684 1842 2117 414 
1448 741 189 183 
1163 2329 2225 1486 
1584 937 2546 1768 
1426 620 213 442 
691 1480 2013 2042 
2320 128 216 1748 
1921 2350 166 2438 
262 1899 809 1604 
249 2579 920 2536 
1675 1742 632 470 
1513 2076 2333 716 
1854 2004 2493 2379 
1149 391 365 2587 
1543 839 1715 839 
792 2583 1430 621 
714 923 1473 1620 
504 2160 1443 1822 
2623 1590 818 1022 
2132 984 350 567 
2465 1294 1803 1055 
2106 1726 2276 941 
2230 1764 2104 1844 
2434 369 1917 935 
429 360 336 1803 
1651 387 1569 2134 
2586 2588 1451 1151 
618 64 1473 2088 
38 1507 48 1639 
2429 2520 2468 2421 
120 690 1562 804 
551 1611 1668 1299 
524 1332 2176 2214 
1252 1267 357 2253 
1586 1421 415 772 
1506 1419 373 1089 
1044 792 1127 1082 
526 807 634 724 
2366 2675 2574 1561 
24 368 995 77 
257 390 160 2600 
2644 1437 2220 2670 
1130 31 572 1866 
1841 403 1538 2475 
277 866 2074 1018 
63 979 1564 2163 
1987 1869 1375 2141 
1391 289 1699 2505 
98 2076 2505 2597 
1721 2587 738 61 
800 1168 2453 696 
2608 2003 1854 1539 
1283 770 171 1064 
2587 1302 1530 1162 
1391 531 1943 267 
1882 1250 585 1950 
1979 345 1425 231 
2099 1514 2235 782 
632 1880 1880 385 
2567 1836 696 1658 
394 2274 164 1081 
1338 1260 29 134 
901 408 1196 704 
1020 2132 2647 2312 
2172 758 1692 501 
1072 1592 1155 1513 
161 820 535 2411 
492 2051 656 2192 
104 2256 2531 1867 
2430 2054 467 82 
1524 259 588 991 
2254 1564 719 12 
1363 1499 568 1676 
1237 840 1848 551 
1894 1990 2022 1734 
990 2385 2018 2343 
1396 683 772 1758 
719 62 80 2559 
2162 1720 461 1269 
1052 2025 577 697 
1548 732 2184 641 
1710 1659 582 711 
1850 2196 1673 1728 
1120 659 339 1668 
721 810 728 2468 
1481 550 2031 671 
433 463 2300 432 
2403 2424 2389 2358 
715 2590 1437 476 
1174 1733 998 461 
565 1684 1319 364 
173 272 1818 1195 
169 1278 2337 1846 
409 291 107 337 
1562 1509 2058 898 
2177 1411 121 1258 
1908 1615 494 2255 
1300 2115 986 1603 
883 320 1829 1787 
1039 643 1952 1592 
2079 373 1976 1021 
2159 235 787 2164 
1504 559 2130 1440 
1764 1257 2528 2551 
1558 632 1321 862 
1990 37 2314 1611 
2536 928 938 284 
2302 610 513 412 
738 1495 2080 567 
707 1092 2608 1595 
1463 2514 2668 939 
263 1468 988 2194 
1399 1933 843 1921 
958 2443 1214 269 
1771 1147 176 1434 
1329 2321 125 1771 
1968 2109 1429 392 
2638 333 33 421 
2143 1040 1222 2277 
2586 2311 1871 1131 
2609 1735 752 2190 
893 2304 1321 1219 
1573 2074 1109 1587 
472 866 2403 1494 
1513 1592 1017 1920 
442 2499 200 229 
1405 798 2009 1232 
300 1486 1337 121 
2550 1496 756 670 
2639 448 764 434 
257 2195 147 1132 
931 2519 1462 2548 
706 101 63 407 
226 1509 1300 717 
844 193 2647 1752 
2478 389 2494 1700 
2567 347 176 1573 
919 1449 312 369 
2051 2258 303 1343 
792 557 1820 569 
670 134 365 1735 
2238 2050 383 928 
1035 388 1275 378 
2489 1131 1299 1030 
1960 1941 851 1016 
1584 866 2138 2100 
2650 1130 850 1974 
1889 2280 357 2604 
2338 1973 518 1960 
1217 2297 1215 461 
120 2030 1357 2672 
2278 367 518 1923 
1838 1196 141 2481 
2006 2650 619 1488 
2125 2240 1230 1348 
1938 907 1282 964 
2077 2062 898 164 
138 526 1032 1070 
2552 1972 1799 1296 
378 2099 1712 740 
1093 2455 2121 798 
1779 483 2177 1778 
1149 1958 1 1366 
1484 2494 31 2193 
2023 1775 1838 1261 
932 1284 2421 690 
1368 353 363 543 
1443 2624 961 21 
180 366 2241 810 
1580 1889 143 718 
693 345 527 2212 
2000 171 354 1309 
1331 855 1008 1786 
1574 2177 1577 1079 
2574 251 1522 876 
1729 2261 1319 2083 
218 2559 5 448 
2232 699 2612 756 
1251 1914 1516 2149 
2232 1336 214 1490 
769 1737 736 1422 
2461 2573 2503 1728 
1547 391 1105 1803 
566 921 1223 1815 
1996 569 2469 2080 
2150 9 1982 1599 
300 426 24 1994 
1482 1299 772 1158 
2634 376 2036 1774 
1562 2402 920 2245 
2135 2076 1383 327 
2603 607 1112 2518 
760 170 169 899 
2343 1933 1233 2217 
961 1241 2289 696 
879 1619 2153 547 
2029 885 1068 1266 
1848 2635 811 2461 
380 270 2370 735 
100 1368 1476 76 
730 869 118 676 
148 1091 228 320 
2148 2083 2245 190 
1878 983 1348 1763 
105 988 693 959 
278 1609 1988 1634 
1557 85 1815 505 
135 13 941 962 
107 2356 1181 1926 
91 1323 2109 2495 
2238 474 1200 1224 
1383 467 517 1379 
2409 1354 2549 2247 
1726 57 2234 2026 
497 364 2036 898 
226 1361 2615 1138 
1074 1830 2657 833 
492 780 2506 424 
16 951 76 743 
2570 974 1282 2193 
2221 739 431 2025 
168 1073 1395 948 
805 867 1202 138 
1362 626 1502 69 
351 558 256 2139 
44 1247 263 234 
1434 1401 2656 1099 
660 1484 1064 134 
788 2358 2279 2010 
1974 1657 2643 1407 
1754 1989 1039 828 
1219 1131 1984 2155 
471 2570 2414 764 
1570 1704 264 1079 
1027 368 549 254 
556 1197 787 641 
539 703 598 2306 
240 2442 138 424 
986 602 1404 110 
1574 1216 131 1886 
867 2172 148 1109 
233 2194 2401 1397 
1445 1806 1840 1453 
2265 1820 170 538 
1262 1457 1385 60 
958 1346 1301 2004 
591 553 670 1368 
151 1956 1307 1306 
2350 1049 36 127 
1600 2631 1104 2181 
158 2007 925 1578 
574 516 2078 1793 
666 623 2084 1072 
1404 1213 229 2122 
2261 305 2307 2625 
652 395 2534 1089 
2388 1687 2483 1922 
381 980 1538 426 
1533 669 2143 2657 
254 1668 1950 232 
504 442 2047 2381 
1478 879 865 857 
2426 768 1016 1647 
2120 1535 1295 774 
186 1622 1729 1046 
1401 2608 1038 421 
2443 2048 2646 2631 
927 1634 509 1183 
2436 539 694 1867 
1651 1369 1931 1039 
1573 171 1555 1762 
1167 2654 1346 1630 
669 118 1748 1979 
843 833 751 318 
164 2364 988 2517 
1990 1874 1238 2055 
191 1789 1021 1222 
955 228 2051 621 
155 2588 2430 2251 
464 2598 1098 2449 
1122 1703 2452 2019 
1586 1305 22 1147 
1910 21 796 2223 
1179 1112 1511 294 
1123 97 1463 1821 
1581 1825 345 1884 
450 1208 968 1857 
1239 1171 1345 1277 
88 331 851 2388 
2655 2597 2192 1009 
1478 957 811 2665 
2549 1584 1932 873 
1422 2648 1763 1210 
1830 2093 1076 1360 
1049 1035 1853 2441 
516 2214 1146 923 
599 679 1815 1319 
1981 2315 2200 2628 
1948 2627 748 642 
524 2319 1329 973 
2000 2369 1833 877 
734 675 1722 857 
2286 764 1977 901 
1735 1293 2439 1 
1975 2531 156 2552 
816 867 1694 1225 
1994 2211 1117 198 
1616 1423 800 1097 
2558 1018 1482 2314 
841 1143 218 402 
2665 2271 360 1588 
1338 1735 1243 1392 
181 2593 2481 847 
2620 2084 2221 206 
160 1841 1672 1330 
773 217 2502 1622 
1559 369 220 133 
1640 2442 1827 2600 
2556 2055 2190 8 
2248 2398 1116 565 
283 1461 2000 1706 
18 1090 2099 414 
1988 2099 722 196 
467 2263 2026 2260 
2460 1600 425 1369 
1900 125 2642 2110 
2352 2620 85 1131 
2391 1036 2630 1709 
2429 1492 2140 966 
480 2123 237 906 
2543 644 219 1513 
1237 687 410 229 
1682 2188 786 1759 
993 1726 1455 445 
222 899 1694 321 
2229 2325 401 1560 
780 1026 878 954 
1893 2669 767 1815 
1814 1748 1845 612 
707 2086 2402 115 
974 530 1771 2182 
1621 404 2627 1625 
360 516 2330 1754 
1457 516 742 201 
1784 253 2033 1490 
1455 97 2199 1269 
582 2010 317 465 
1482 836 1499 2657 
684 2503 2003 886 
1299 585 1742 1667 
1697 1309 2433 1981 
543 14 1357 2352 
1537 2156 1910 1838 
2412 547 2352 936 
834 364 1783 2643 
1162 1893 1508 1229 
1694 2131 2301 2541 
2461 474 1393 2170 
2467 2327 747 860 
2528 2271 1133 2130 
1722 1173 2075 253 
1938 2375 1747 861 
171 1839 1357 851 
2274 606 278 1039 
1688 1019 556 2056 
2145 159 2420 1788 
470 2527 853 916 
2310 93 586 2615 
1414 1440 511 352 
125 1619 282 988 
2674 572 1899 415 
1781 1017 1488 1123 
1445 2417 1226 2223 
588 248 960 1321 
2499 452 1711 2197 
287 1692 2136 706 
1492 2417 1617 2032 
726 1875 1829 933 
779 620 836 1808 
53 741 1435 172 
1836 483 2087 1719 
2424 773 82 2589 
2540 683 1833 1975 
2381 135 862 872 
386 1152 1171 359 
1932 2364 377 2334 
587 1074 35 2583 
1843 1888 959 1901 
1682 405 1617 1763 
129 1318 2664 385 
2280 348 8 802 
1913 896 766 47 
2049 2595 618 243 
607 549 1100 1237 
692 174 1096 2003 
54 417 2233 2537 
1952 586 1623 1897 
250 2152 1552 966 
1773 977 999 1122 
1421 2456 208 2250 
1013 1623 598 1717 
2041 1334 2316 330 
895 1089 1917 1036 
798 200 842 255 
1109 1812 1323 533 
721 668 281 1274 
1558 2611 41 410 
647 2303 181 999 
1270 2312 1172 498 
2340 1039 1183 2460 
1114 50 2469 631 
813 1045 95 2024 
1544 733 2051 85 
721 1274 115 1831 
1418 1039 444 1004 
550 1594 1528 666 
1581 2448 2232 1824 
2334 35 669 2086 
2370 549 1841 2676 
1422 799 2652 1557 
537 1529 425 295 
364 1540 2672 279 
2248 1323 604 2148 
273 1805 1927 1504 
2257 1537 673 2276 
702 1008 317 1235 
958 1298 44 192 
1105 649 416 2571 
152 705 2063 1285 
951 2363 138 105 
1171 1129 594 1975 
1329 2543 1141 762 
1301 954 901 2131 
1031 14 1201 1368 
813 296 1499 1973 
461 388 934 423 
680 566 1744 2490 
1509 2482 301 707 
773 2289 1472 408 
2571 1325 421 2359 
2305 1238 91 1478 
2483 2599 811 1804 
1793 2542 290 416 
1200 1598 2018 1741 
731 517 1380 407 
1911 2279 2309 2668 
2625 1571 2042 588 
1944 565 2666 109 
2532 1014 137 906 
2160 70 2375 280 
1638 1722 2418 1287 
1165 1458 1141 2158 
2197 2042 2179 2143 
1572 2431 1438 1709 
1386 980 645 971 
2138 2036 1218 1873 
1157 1739 2594 2220 
1557 1429 2165 2536 
648 209 439 1109 
1655 2603 965 1282 
709 2624 783 462 
1406 900 1952 1024 
220 1422 1992 690 
1677 1287 271 73 
834 1584 72 934 
2288 281 1007 1014 
162 1656 534 2060 
1169 2196 341 958 
794 2086 107 2670 
190 413 1370 1152 
2107 78 53 653 
50 2275 743 1539 
401 2145 2202 2474 
1431 244 1258 2391 
1493 1213 1606 2075 
508 1203 1650 518 
538 2295 33 1818 
1750 1159 279 813 
179 1545 775 783 
1040 1773 1507 1593 
1429 1165 196 1665 
1111 536 909 845 
1888 715 2038 468 
1086 353 1623 2152 
628 273 1879 1805 
1544 1251 1031 14 
1678 946 1109 1823 
370 2475 1982 2111 
2422 2661 459 2111 
984 1192 1551 2405 
687 1949 2309 1203 
2368 2215 139 414 
2020 517 647 1685 
526 2598 518 1064 
866 2510 1649 2344 
2477 533 2648 1959 
2545 2183 1133 1772 
458 411 385 913 
1995 1768 1983 2119 
1692 970 1177 1666 
2054 2289 1033 2079 
2380 2483 1330 1210 
1446 1457 2041 1257 
617 1164 192 2221 
554 2243 783 1877 
1988 267 1933 1630 
2016 1686 156 1789 
709 83 1032 2447 
1502 907 2209 1660 
1612 1115 378 1762 
1494 2390 907 1226 
30 2373 301 1183 
1786 2030 785 2117 
2131 611 300 2437 
1675 568 2445 1675 
1250 351 1061 2179 
1257 979 1599 1540 
711 1022 326 1923 
978 397 1394 848 
1200 218 660 1769 
2163 2568 1301 538 
203 851 2083 1759 
338 2051 1787 981 
2584 2237 1506 389 
2418 2365 1370 1819 
1869 271 2369 1047 
1078 179 453 232 
994 585 1424 999 
2398 2043 775 1822 
1067 478 748 1582 
1676 2404 498 1858 
1971 50 1 1807 
304 1672 1351 107 
1691 887 2614 1723 
209 1135 1947 1013 
2275 1993 49 607 
1061 2533 2568 2572 
80 1831 510 710 
2563 2413 178 2509 
777 1253 2143 1058 
2572 2557 1601 1364 
2472 1513 1863 1601 
1986 2129 1241 338 
1663 965 221 1971 
196 2059 429 702 
1953 399 1125 475 
2448 295 2168 2589 
2081 2247 671 395 
1700 2281 1477 1432 
545 1494 1332 1911 
1050 579 1410 482 
2228 1754 237 2488 
1020 2353 1892 2067 
176 1556 1858 2319 
384 97 2589 718 
2258 962 1067 2052 
1616 962 1435 2132 
1104 1462 541 1409 
435 2676 2617 133 
1130 1077 1848 916 
14 2505 627 2349 
2582 1984 816 2446 
1724 707 2110 2191 
787 540 2415 2340 
1606 446 225 2178 
1854 1860 2502 1539 
1023 56 1410 866 
481 2563 790 186 
611 1479 110 2213 
1402 431 1796 2089 
2607 509 1484 1268 
1297 241 1210 1453 
2035 999 1738 1985 
600 520 768 1885 
1964 931 631 1393 
1851 1086 2569 672 
133 1009 1941 795 
857 428 2466 1577 
1069 1995 378 681 
1102 678 386 694 
2350 2325 1805 2577 
711 360 2645 2360 
471 2082 601 2535 
1118 1281 1550 448 
2253 2385 651 2059 
2078 1198 986 453 
668 284 1055 531 
2 179 2185 999 
1700 1915 2183 674 
2293 1522 65 370 
980 83 2436 1877 
2051 2454 2659 529 
251 1876 952 2558 
2417 1538 2605 794 
303 167 1982 1616 
2497 1260 1183 1106 
708 858 925 2169 
117 2144 2375 2179 
222 1788 649 318 
1305 2098 1810 1887 
1388 2197 1709 1098 
1223 1448 1001 1484 
2456 1875 1629 1613 
2191 1299 2181 586 
889 287 1686 2055 
550 914 593 1721 
928 1628 1080 1620 
1501 482 2092 1063 
2322 418 950 1240 
2113 1719 2218 1814 
640 397 1308 545 
1026 2163 2092 2194 
2515 1416 867 1654 
1761 380 474 2027 
258 469 1185 1548 
1183 445 1982 498 
1945 1413 1197 69 
1890 2517 1683 1504 
428 1579 1872 562 
1363 2119 574 241 
785 748 1703 1733 
458 264 2492 1247 
2333 1928 993 1278 
2494 1825 559 1123 
1145 758 846 740 
2234 112 1581 1476 
72 1229 155 1345 
1505 930 1197 2259 
919 2063 2564 1348 
655 1561 2396 2332 
860 2287 1286 2278 
2643 1545 862 2207 
1722 2573 2302 2617 
2156 808 2085 560 
313 1061 2183 779 
954 2012 1399 465 
1893 936 697 1119 
912 2326 2045 2372 
1714 734 676 190 
619 1287 740 1910 
497 895 1951 2411 
2142 1549 2504 2062 
1018 1438 921 1129 
965 1203 1176 209 
208 307 382 301 
1544 2216 1633 1902 
934 1106 2185 1942 
28 896 2047 1856 
1753 241 581 1853 
771 2407 10 1450 
515 460 2431 1675 
1670 2070 1219 475 
2522 1195 1299 2089 
720 523 2618 995 
2392 1833 1224 1997 
696 534 270 1168 
2502 1867 90 2031 
1367 2108 1371 1859 
124 1358 138 1423 
2581 1736 232 1864 
1199 232 1547 2525 
1952 1364 275 1441 
2244 1287 973 405 
1951 254 1740 2052 
382 230 1163 1741 
449 1694 17 2328 
1065 2028 839 1699 
247 2341 1226 555 
487 801 1527 1885 
2445 1544 2610 2280 
2235 1967 1842 882 
1085 34 968 1323 
2233 1953 823 927 
88 25 1896 1098 
1758 2201 1970 781 
175 2171 368 834 
2566 760 1696 2547 
2494 2026 1197 548 
2053 85 1643 287 
700 1227 1164 654 
229 77 317 1172 
95 1819 583 755 
781 1925 568 627 
2447 1080 2207 601 
2347 675 1814 765 
2252 282 506 700 
2096 1521 1571 2022 
2249 2583 764 1650 
2033 1775 2524 2380 
117 1842 27 1165 
1946 914 1433 742 
1442 1175 845 1621 
2593 982 425 1454 
2578 2036 240 979 
183 1652 1181 2392 
1106 2616 749 2328 
2144 2480 1440 1855 
1971 1655 851 1463 
1439 1195 2130 2264 
605 1781 2023 2247 
1748 1878 1666 2012 
1967 695 922 838 
280 1261 1150 1161 
2259 284 1457 1141 
1143 2031 2410 1318 
981 1567 2269 326 
1675 1252 1546 214 
1837 1887 1255 2289 
1154 1776 432 648 
767 1174 2119 2181 
600 129 1597 646 
1590 911 212 1265 
1556 1961 2103 2355 
2622 1442 64 825 
2227 1594 54 642 
2567 1974 1570 1851 
25 2066 1585 2570 
2114 2591 1634 2389 
1878 1124 932 2556 
2641 2096 2334 552 
2168 1683 1263 1115 
1228 2247 1102 887 
1712 953 1171 1838 
965 925 1993 691 
661 203 2547 183 
1763 1906 1294 125 
2430 1761 228 2643 
1987 2414 508 121 
644 2214 1321 529 
1708 1584 2064 1171 
2251 73 2188 609 
2624 2668 856 2213 
1669 1884 477 591 
1712 447 54 2053 
1270 2040 2093 1803 
513 1737 671 2321 
1407 494 95 2419 
656 2117 1248 2659 
2200 779 1264 2428 
843 644 1270 1244 
2197 172 2089 1657 
2395 1242 1992 2148 
2479 2192 1474 2527 
106 384 1241 995 
2377 2128 990 2102 
2393 1564 272 1885 
2233 826 1395 1777 
2235 1075 1549 407 
2361 1574 944 1623 
1723 1470 2241 1637 
690 1766 1349 620 
2463 1025 473 846 
1228 700 1964 2028 
1937 780 1350 627 
1976 2356 2207 398 
1081 2012 1282 2310 
1478 1955 1535 1791 
841 2635 864 1075 
979 1028 1836 1167 
2452 497 650 486 
2673 2137 735 2184 
2558 2414 90 890 
2355 1586 1255 1485 
302 1744 769 652 
1084 1242 2392 1635 
2498 237 1240 2438 
438 164 966 1807 
103 280 1388 1472 
322 1327 1572 823 
1067 1071 1046 1008 
591 1656 664 105 
1673 1736 1946 1041 
382 2358 385 633 
1811 790 1528 389 
127 1862 1232 1407 
1186 829 1582 913 
1684 2523 391 2255 
2538 1162 1438 2310 
1255 1448 1213 1762 
283 1073 2630 614 
378 620 2223 85 
739 222 2037 1039 
715 2639 2499 1498 
1379 1698 1245 2273 
394 1924 1392 300 
2187 1349 787 1052 
1685 1535 165 1780 
2003 571 2040 339 
1454 943 1198 1238 
464 1753 166 932 
2579 193 2003 2339 
541 2524 1181 2516 
517 1911 697 1392 
1781 2387 611 592 
484 712 1636 1352 
1846 328 1747 1166 
543 2374 908 1165 
1534 86 1950 2620 
384 1830 2072 972 
813 2259 1215 2513 
1218 2645 1396 614 
2300 1118 155 1024 
1692 1330 2280 1277 
220 2528 1568 1296 
2342 403 1761 1032 
698 2607 1646 1332 
1378 445 1619 1013 
798 724 1663 55 
511 206 536 1454 
87 697 759 1377 
1468 1696 2039 1732 
293 1580 900 1738 
2215 2422 1665 1231 
1126 1731 84 1230 
2337 2542 2574 330 
965 1720 69 2251 
677 1167 326 1817 
910 120 1838 2589 
308 1149 956 260 
1085 438 236 1260 
1159 2259 695 1976 
1584 687 1911 1770 
1469 1968 1221 1661 
1687 432 2165 1395 
1532 565 2244 1168 
1551 1878 2420 1853 
2163 2211 1961 701 
1636 278 849 1815 
2313 1964 1167 628 
2647 2470 1617 1215 
1470 2120 422 734 
2067 1740 756 262 
1882 858 88 73 
439 27 141 611 
40 2262 1827 2203 
2576 498 1570 567 
726 1506 1479 1518 
79 2675 1849 2453 
1392 2304 595 1641 
1005 429 738 983 
1349 1321 546 670 
1497 905 245 428 
2353 934 1065 1978 
1068 1721 2147 1530 
909
1 6 9 12 13 15 21 23 26 27 28 30 31 34 36 37 42 45 47 49 56 58 63 64 66 68 69 71 73 75 82 83 85 89 91 92 94 99 100 104 107 109 115 118 119 124 125 127 133 138 141 142 149 156 159 161 165 167 169 173 177 183 187 191 195 196 197 203 212 214 217 219 220 224 225 227 228 230 233 236 239 241 242 246 248 249 251 253 260 261 262 263 267 269 273 276 279 280 281 285 290 291 297 300 305 306 309 310 312 314 315 318 324 329 331 336 337 338 354 356 360 365 368 372 373 378 383 384 385 386 393 395 398 402 405 406 407 408 413 416 421 423 426 428 430 431 432 439 441 444 445 448 449 452 455 459 460 461 463 465 466 468 476 478 482 488 489 491 492 494 497 499 503 504 507 510 514 520 521 526 527 530 531 532 533 534 537 540 542 550 556 557 560 567 575 587 592 595 596 600 602 607 608 610 614 615 616 620 622 624 629 633 637 638 640 643 645 647 649 653 654 655 656 661 664 666 670 672 675 679 684 685 688 691 692 694 698 700 701 703 705 706 709 710 713 716 721 722 725 726 733 735 736 737 739 745 746 747 749 754 758 759 760 761 763 764 767 772 773 774 775 781 786 788 792 793 794 796 801 802 803 804 806 815 819 825 827 830 833 836 839 841 844 846 849 855 856 860 861 868 872 873 877 879 884 891 895 896 901 905 906 910 914 917 919 921 922 923 925 927 928 935 939 945 946 952 962 967 972 974 978 983 987 988 990 996 999 1003 1009 1015 1019 1023 1024 1025 1026 1029 1030 1034 1038 1039 1043 1044 1047 1048 1051 1052 1053 1056 1058 1059 1060 1066 1070 1071 1073 1075 1077 1080 1084 1086 1090 1091 1097 1098 1100 1107 1110 1111 1113 1128 1129 1130 1137 1141 1143 1153 1156 1158 1160 1164 1171 1172 1173 1174 1177 1179 1181 1182 1184 1194 1195 1197 1199 1201 1203 1206 1211 1216 1220 1221 1227 1232 1234 1235 1243 1250 1252 1256 1264 1271 1273 1274 1275 1276 1279 1282 1289 1292 1293 1294 1297 1298 1300 1301 1307 1308 1309 1310 1311 1312 1315 1316 1322 1323 1325 1326 1334 1337 1338 1340 1341 1342 1348 1354 1357 1359 1360 1362 1365 1366 1370 1374 1375 1377 1382 1389 1392 1393 1394 1395 1398 1403 1405 1409 1411 1412 1415 1417 1419 1420 1425 1427 1430 1432 1433 1437 1443 1444 1445 1447 1451 1452 1454 1455 1459 1460 1465 1469 1471 1472 1477 1478 1479 1482 1483 1487 1488 1489 1493 1494 1496 1499 1501 1506 1510 1511 1514 1515 1520 1523 1524 1525 1526 1538 1545 1546 1549 1550 1552 1559 1562 1563 1565 1566 1569 1576 1583 1587 1597 1605 1606 1608 1617 1620 1622 1629 1633 1634 1637 1638 1645 1647 1652 1658 1662 1665 1667 1669 1672 1679 1682 1685 1687 1690 1692 1696 1699 1702 1704 1707 1711 1713 1716 1717 1720 1722 1726 1727 1732 1734 1736 1738 1740 1745 1746 1747 1749 1750 1751 1752 1759 1760 1761 1762 1764 1765 1766 1767 1768 1771 1783 1785 1789 1794 1795 1796 1797 1799 1801 1802 1806 1807 1811 1812 1814 1819 1820 1821 1823 1824 1825 1827 1828 1833 1834 1837 1840 1841 1847 1849 1851 1852 1853 1856 1859 1860 1864 1869 1871 1876 1877 1878 1882 1884 1885 1887 1889 1890 1894 1899 1901 1904 1906 1907 1909 1911 1913 1915 1916 1920 1922 1924 1926 1933 1934 1938 1949 1954 1955 1960 1961 1965 1968 1972 1975 1976 1982 1983 1985 1987 1990 1992 1997 1998 2000 2003 2004 2007 2009 2011 2013 2016 2018 2019 2025 2029 2031 2032 2035 2039 2043 2051 2056 2057 2058 2059 2062 2066 2067 2074 2076 2078 2081 2084 2087 2088 2089 2093 2095 2110 2112 2114 2115 2118 2127 2130 2131 2133 2138 2141 2142 2144 2145 2152 2154 2155 2163 2168 2172 2177 2178 2179 2187 2188 2190 2193 2194 2199 2202 2204 2205 2209 2213 2220 2221 2223 2226 2237 2239 2241 2242 2243 2244 2246 2247 2248 2249 2251 2252 2253 2258 2259 2261 2266 2268 2269 2271 2274 2275 2277 2280 2286 2290 2292 2293 2296 2303 2306 2316 2317 2318 2322 2323 2324 2325 2327 2329 2331 2332 2335 2341 2347 2348 2350 2352 2353 2357 2359 2361 2363 2365 2367 2369 2371 2372 2375 2379 2382 2387 2389 2390 2392 2400 2404 2405 2406 2408 2409 2411 2416 2417 2419 2424 2428 2431 2439 2441 2442 2446 2449 2450 2452 2453 2461 2462 2469 2470 2474 2475 2478 2482 2484 2485 2488 2489 2490 2495 2496 2501 2503 2514 2524 2525 2528 2529 2532 2533 2536 2546 2549 2554 2555 2558 2560 2562 2564 2569 2573 2576 2578 2586 2589 2595 2599 2600 2601 2605 2607 2611 2616 2618 2623 2626 2627 2632 2633 2634 2638 2641 2643 2647 2649 2650 2655 2656 2657 2663 2669 2674 
320
ccbaabadadbbcdcbbcabaadacbcdadbcabdbaacbadddaaabcadaabbbaacbdaacaacddcacbacacdcacdbaacbdabdcabaddbadacaccdaacbbbdcb
bddadaadbbadcab
badaadbcddadcdabbdadbaadbbabbbaaa
bbcbcacabcbaabcadabaaaddacaacbcbddcbabcadbcdbdcacdbbbbabcdadaacdaabdaaddccddccacacdabccaacccbbbcbdbaabbcbacdbbababdbcdcdbcdddddaacadddbdbcddaacdcabaacadcadabdcdbaadadbdbcacdbaaabdaddbbaccaacdbc
caccadbcbaaadcbcbcbaddcbbcabcaadcaccbabadbc
acaccaadbdcccdacddcbbaaaddcccbbaccbccbadcadccabbcdcdcdacbabbbabcbbccbccbcbddcadaacacbaddaccdcacadadbacdbcccbaadddaaaadaacabaccaababcbadbdbbdccaabddcbbbdabadcccbacacdacaa
bdbacbcbcabbdbbadaddbbadbdacacdcaccadaacaabcdaaccbadddaabacdccacbcbccaccbbdccbcdcadcdabadadddcbbcbadcddbdaadddddcdbdabacbdaca
aaabdcdcdbababdbdddcbdcbdbaacccdcbaaaaadcbbcdacaaaacdbcacadbacccadadbdbbcbddbcdcddbbdcacbdabacabbcbaccbccdcdadcbcdccacaaaabbbbddbcccababbbaadcadadbcbbbaababbbdbabacddbabdcbaadcccccaadbbb
cdadbbbdaaadbdada
daadbcbacaccbcbbaabbdcddcabccaddcbccbcccbcccddaacabdaadcadabadacacabcbcbabcdd
cadacaacabccbaacdabcb
dbddcddbdacdccdabcbcddcdcbbcabcbadcbbacaddddccdcddbaddaaaacdcbadbbaccaaddddacdadccdbcabbccbbbbdbbcbcdadbdabbbdddadadcddbddbdbcdbacdcdbbdcdadababcddacdaabc
acdaabdccbcddcbdbbccdddccdcaadacbdcddbaadaabbddbbcbddaccdddbdbaaadccdaddcbadaacabdadcdbbbdbabcbcbccbdacadbabbddacbdadaaadbccdbaccabddbcabbcdcbcbaaabcbacabbdaddbbdadddcbdcddcdacaddbc
dddccacbaaabadacbddbabcdacbbdbdbaaa
bbadabbdcaabdcbcbcdacbccaccaadaadaddbacabbbabaddcbccbadcabdbcbbaccaacdcdcbacccbacadaaccdbbdbaaaaccbaaddddcacabdccccdacacccdcbcabccabdaddddddaadacacabdcabbcdcaadcccbccbbdddbaadaaab
ddaadcdaabdcdbcdddcddbacbadabdbcdddbcbccacaccaabdccabdaadcdbcaddcc
dcabbbdbcbbbddccabccacaddadadccbcddabcddbccaccadbdbbcdbcbabdbcacabdcadbbbadddcbabaabdabcbcbddbabddccbbbcacdccadcbdcadaabdcdbaaaabcccadbcccdbdcabcdacacaaddbbbabccbcbdb
bbcdddcaabddccdbccdddcdbbdadbc
acbdbbaacdddaddaddcbcbadbcdccdcbbbdcddbbbacabdcbccacabdacaabdadbaddccaddabadcddbbdcbcdccbbbbaabdcabdbdccbabbdabcabaddbcdadbcdccbbbabbbccbcabccdaadaaddddbdcb
cabcbdcddacbdcbcccadbbaabdcdadaaadacbacdddaaabcccadcabcdbbacbbdadcdbcadbbbbadbababdcdbcabbabaabdcacdbbdcddacaabcdcddbabbcbccddabcacdbbddbdacbcbcacbdabaccbdbbbcabdabccbbbaaadbccccdaddbaa
abaccbcadbcddabdbdabdbbdbddcdaddddabbcbbbabaaacddacdbccdcbbabaaabacacddcaadadcdaccdbdcaacbdbacbdccacbacdaddacdcaaadaadacabcbbdbccacaccbdddddc
baadccaaacadcccdaadaacbbdbccdcdacbacaccddaababbcabcacccadbbddaabadcddbddadacbbcaddbddadaccaddcbbbcacdcbddadccdbdcd
aaddbbacaaabdacdbbddabbaabdaddaadcacadaacdbbbbddcbacbbabbcbcbbacabbadbdaadbabaadbddcbbbbbadcdaaaccbdbcadbacbbbcbabaadbcddcdadaddadaaaccacdabdcbdbbb
cdc
dabcbddacbbdadacdbdaadacbcdacabcbcacbabddcdbbdababbdaccbdabccbadcbcabaabcbdaadbcbbbdcdaabadadbbababddadcddbccbdcbabcdcdcdcbaaad
babcabcddabdcdddaccdcbcbbddaaca
aaacccccbcacaacdabcdacadaaaaaaccacaabcdaabdcdaadccacdcccbdacbcbdbdabacddcaccadccbcdccccddbcdcbbadbaadbbbcaabbcadcdbabdbdcadacbbbdbdaacaddbacbaaccacaabcbdabdddbddccbabbcadb
cdabbbbbacbddcabccaccdcddaacdcabcdaaaacaddbadabbcbcbabdaacadadabcbdaacbdccbabccbdaadccaaddbcbaccccccaadaddaaaacbdadbdcaaaacadccbbbdcdaddcdacbccdbbcbddaaaddaadbddbc
ddbccdaaaadbbbaacbdddadbdaacacbaacbbbcdabdbbcadbcbcccaadddbabdc
ddcababbdcdccacdbbabdbcadccacbcacdddbdbacbcbccdbcbbdabcdadacdabadbbdadaddddadddacdcbdbabdcbabcbbadcabbabcbddbcbcdcddcccccbbaaaacbbbddbcabcbbaaacbcbccbdab
adbccccdccbabcbadabbcbcacddadcbbbbdcadbcdcdcbccbaccaccdbcccaccdadccadbcadcbaacabdaaadbcccda
cbcacacaccbddabdbddcaacadbccdaddacbddbcdcccdbcdcc
dbddcbbbabaccabbdcdbcdcdcaadbaabccadaddddadaaaddadaacacccdbacaadcabddcdcbcdbcdbaacbddaabbcabbaaaccbddbdda
bbbdbabdbcaddbdbbaccdbbbacbddccdcacbccbbdcdbcbcbacadcbbadabcadadddbaaadcdbaaacbccaacbdbbccccdddcdaaabdaadbdbbdbcabbc
bdacadaacdadcbddbdabaabdbd
cdaccdbcccaabadbdaaccccaadbadbaddcaaabdbcaaddadaddddccccccdbbcbddcaaadaddbbbcccaaacbdaccdddcacdccdcadcaabbcbcbbdacbbbcacccdbcadcaddbbdbbbbb
baddabaabdabbdcbbdbcccddbaddadcabdcbdbcdbbcccbccdabdcbabbdaadacccabcddddacdddbacaadadbdbcdcacccacbacaccdbaadbcaaa
adadbdcddcbaaddcbdcdabcbacdacabccbbaabbdababcbddcdaacdaaabcbdddadabaabbbadcaacacdbcbbaacbcdcdbdbaccccccbaacbcbccbbbddacdbdbca
aadcdabccabcdbbcbdbcbdccbaddbbccbdadaccaabacbacbacbacddcccadddbcda
adbaacaaacadddadcbabdaabbcdddcdbdbdccdcccbdbccdadbcbacdcaccdabdddbbadcbdadbdcdbacdaabbdadaacbccbbcbcddaacdbcbbcccdcccddcdcddabcacaabdbdccadbccbaccdaca
bcdbaacbbcbacdccacbddcdcdabcaccdadaaaddbbbadbadbdabddcbbaabcdadbacdacbcbccaddabcdbddacdcaddabdccbaddacaddddbdaacaddcddbbbadcbddd
dcdbbccdccdbaddbbbaccbabcbdabccddbbabdbbbdbbbabbdbddaaacabacaabbcabbdbbdcabbbbdbbccaacaacdaccbaabcaaabbbaabaaccdbdbdccdbadabcccabbcbcdbaabaabccaacaaabcaabbbdadaddaaddccbcdcdacbdbddadbbdaaaccdadcabb
aaabbbabcbcabbcadabddcdcdccddbabbdbbddcdabdadadcdbbacbddcdddcadbdbaaacabdbddaaabadaadbdabdddbaaacdbdccbddb
dcadcbdad
dcabbaddbadbabaacbababcbadddccdbccacacdcdcaddddbbcbaaabccdba
bbcaccdadbbcbbadcacbddbbbaaaaacbcaadbadabacaadbdccdbacbcdaaddcbaccbacdcdacbcabdbadbaabadadbcbbddbcaaaabccadaddabaaccbcbaadacdadcdacdadcdcadcadcadddd
cdabdbbacdddaacccabbcbdccdaaccaadbcbabcbcaccdcadddbbbacabdaac
dddabdcbcbdbbccccbadcdadddaaaadacbdcbdccdadbbacadcaaccaabbaadbabaabdaadbcaccbdcbdadbacdbbbacacbdcdadadbcdbbdaadbcbbccccccbbbc
baabcbcbdddbdbaccbadcdcdadbdcbbbccaabacbbaccabdcdbdadabcadacabcccbbcbababccddcdddcccdcaaccbbdbaaabaccacbccbadcca
bdcddbbaaccaaabaaadcbcddcddbadabdbbacbaddbacbcabacdaccddcadabcdccaacdbcdbddcccabacdbdacbacdccbaabbcdbdaaccadcdbcadbabadadcaadbcdabadcadcdcaaabacdcdbacccdbbcbbcadbcdaabadbb
bdaaddadcbdadcababbcaccbadcacdcdbbdabdddddaaabcaacbbddabcbaddbcaadaaabbcdababcbabcaaaadaaddadacaccadacddbcaacabccdbccdadabcbcbdddaddacdddcbaacaaaadcacaccbcbbadadddcaacabbbcacbcdbccacbdcdbdbbaaaaddcbda
bcaaaccaccadbdabcdaacbdcacdadabcbabdabbcbccbccbcabdddadabbbcaaacacaabaddadddbbbdddacdbbadbadbbcdbcdddcddbbdadcdaaddbdccbbadadddddcaaaccbadcaabacbccdadcacabddccbdadbabcdb
bbaccbaaaaadddbdbbbaddbad
addbabbbaacccdbddcaacccabbccaddbabbbcaccaacbddaccbbbabaaaacccbdcaadcbbaddbbdadaabccbacccbcadccabdcdacbabccbcbbbbadcadbdccbbddacdacbdabacc
cdcbdaacabbadccadbbddbcdbacbaaccdcadbababbbccadaacadacbabbbacddbadcbdabdddbadcdaaddbdbbbcbcbbccaadadcbdccdabcdcaaabccbbdcbbbcdbbbacbbbaadb
dddcacdbcbbbabdbdcbbcbdaaddacbddcdacabadadbbab
aadccdcddccdabccaaaabbbcdaadaaccacdaabccbbccbdbccbcaaaccbbadadaabdcbbcbcdaacdcccbadabcbabdbcacabbdcbabddddabccbdddcddcabcdaaadcdbdacabcadabdbcabcbcdcccbbcbcababbddaccaacacbbadcbdc
bacbdcdcdababdacdbdbdccabbbcbddbcacaabbaddbbcccadacdccabaabbbaabaaadccbabbdddccdacacdbbaaaddccccbcaccbdcbabbcdddabaadaccacbccbbdddaddddacbaadddacbbddcddaddaccbbaadcbcdbdcacdcbdcaaccaddacbcaddbbacdcb
bbdacddcdacddadabccdadcbbbdbabacbacadcbcccabdddbc
abbbcbacacdcbcdcbddaaddabbddccbbdbcdcb
acdddbdcaccdacccaccdcaadcdcbbbcbadcacaaabbbdcacbabdbddbcacaacbcdbccadbbaaccccdddaddbcbdcddabbbdccddcdbdcbccbbacbbcbbbdccddbbccccddacaccaadcaaccbabbdccdcca
bcdaccbcddbaacdccbadababccabcbbbccaaacbdabcadbacbbbbbccaaadbdbbdbadbdcdccdcdbdccdbbdcddcacaacbbbacbaccbabdbadbcbadacbddaacdbdabcabbddbaabcbaacdbdbacddcdddccdcbcddbaadcbaadbddbcddabcbabdbabddcabdad
bdaaddadddcaaadcbaaaaddbadddabaaddadcbbdddabcdcabddaabbbabaaabcabbbadcddaccdaadbdacabcabddbacdabdacdadcdaddabbcbacaaadabdadccbcbbdadaaccabacddbabdababbbaacdb
bbcadcbbcabdcddaadbbccdadcbcddbdccadbddbcccaabbdccacbdcaabccbcdaccaaacdcddbdcabaacadbddaabdadcbdadbcbdcdadccdadbacdacccbba
bacbdbbbdddbcdaaaccdddbcbabdbadbaabdabbdadcbdaccbdbacbbaddcdbaaaaadcdcdadbadddddaacdabaaabadaddadbbbbbddbcbcbcbaddacdbdbcabbdabbaabdaabbb
dcabdcccadbdaddaaccaadbcddddabccbdccccaaddccbddaddabdadddddaabaaabadbcabadada
dcccadcbacbcdadbdddabbbcbbbaddcbdcbabadcddbcbbadcaddddcccbcdcbcbcdbcaabadbdadcdcdcdcbaccdcbccbbdbabdbcabaaacdccddbadaaddcdcbdddddbbdbcaababbbcbbaacbabdbdadcadcbbaadbcdbbbbcbccdbab
dbdcdabddadcaadcccdacdddadbdcddcbbacdbbbcacccdbbdacddaddabbbddcaaababacbacbcbddabbbadbbaacabbdccbbbadddbcbddadbdcbdabbabdddbabadadcbbccaababbbdaaddbcbbccdcaacacacbbbccaa
ccbddbddcbabcaabaaadaabadcadaaddabadacaddcddadabcbaacaadaccbbdaddbdaaadbbaccdcacacddbccbacdaacbbccdcacaaaacbacbaccbabcacadcbcbbcccbcbadbadb
acdcbaaacbadcbbbbdccbbaccdccdbdbadddaaaccdadcbacbbacbabacddbbadbaadaccacdcdbbaaaaddaadaadccdbcdabaccaccdbbacbaddbadcccbbdbbddcddbaadbbdbdadcdcabdcbdabdaabaadbbbbaddcdadddbcddbabcbdbcacbcabb
dbcaacdbdbcaccadcdbdddbbcbddbcbcddbaaaaaddbddccbccabbcbcdbdbaaddbdcbabcadcadcdacaabccbbcbcabaaaadcdbcdadadaddcdaaacbdaacadddbdcbdccdaabaaaacbdbbabcacddaaaabc
ddbaadaccbbbbadacbcbcba
caadacbcaaabdadbccdcacbcdabdcaacdbcbcabcdaadcaabdaabbbdddcdabdbccdcbbbddcacbcadcbadabdadc
bdbbdacacbcaabaddbdbacacbadbbadacacbdccdbcdcbd
dccdbabcdddbdbadcbbddbcdccaaccadcccdaaaaaadaadddbbaabacdabadaccabcaaccaccabdccddaaaaadcccacababdcdbdbaaddaddaaaddcdccddaadddbcdbd
cabaaaacdbbbddcbddad
ccdcbddccbadbcddaacacbaddbcddbccdbccabaccbcaabdbacabcadbacdcdccbcabaddcccacccaccabddbdaaabbdbababccacccccbddacbbdbbabcbad
dcdbccaadacadabdaadaabbbddcaabdadddbcbabbdbbccdadcbaccdcaaccadbdbabdbaaaadadaaaccccbaaccdbbcbbddbdad
bbccbacddcacbcbdabdddbdbadcbcbddbadcaacdcddcdbdddbcacccbbbdddddcddcdcaacadabdadcbabdaaddaaccbadcdacddccaaabbbdaabaccdcba
accdbbbabacacdddbbdcbdcdbdcbbbcdcaabbababaaacdacaccbccaccaaaccbdbaaccaaadacbcdccaccacbaaadddbdadacccddaacdadabddadabbcadcabbbaccbcabcadacbbbbcccabbbbc
caacaaddccacbdbcbacabdaadacdcdddbabdbddacddccd
ddcabddaadcdabdaabacbdcdcbaadbdadbbccdbcaaddbdabccbddcacaaaacaadccaadccacadaadbdccbabcbbbcaccbacacdcdbcccbaaccddccddcdadacbbccaadaabbccbdcbdcdcbddcdabdcdbcabbacabdcbaaccddacbaadcabacadbbbdabcaadadccbdacada
bbddaaccabbbaddcaabbdadbddcbcacccbdbacccabdccdcaaacadbdbbcabbbccbcddccabdcacbdbbbdbcabbbcbacdcaddaab
bddbbccadacaababdaabdcccacabcbccbbdcbacabdcbddbaacdadbaaddcadbbcadbaddbcdabddcadacdaaaacdaccdaadabddacadaddbbdcdbccabdddcacbbacbdbcddbbadbcacbccbbbbcbcbcbbcccbbbbbadbddcdcdcbbdcadc
bddadbabadddbcbbcbcacacacbcbddcdabbcaabdac
daaabbbbbbbcdbbbacccdabcadbddabcbcbacbbabadadccbcadcadcaabdccdcbbbcccacbdbabcdccddbcdbc
adbdaaccbbaaccaacacddcadacadbabdabdddbabbdbddababccdbcdddddbccbddadccddcdcddddbcdaacdaddaccaabbbaaacdabdcbbbaaccddaacbbadcbbacadbddcacdabacccccaddbaabbaaacdcbbaacddadacdbdbabacddaabbcadabc
bababaaaccbddcbbbddcaccdddaaddcabaddaaacacbacaacbbbdabbdcbdacdcadccbccbcacddbaabbababddbdcdccbdbcdcaaaaccdddbabbabddccbcadaadcaccacaccbdddcabdcbcdcdbbdddcb
bdaabdcbaadccabdaaddcdcdabacbdaacbcabdcbccacbcaccddbadabcaabcdcbadbbddaacadbcabb
bbaababbddcccccbbbcccdbacaaddcadcbbadaaaaaccdbdbcacacbbdbcdccababbdddbdadaabaaacabddbbdaaabbccaccdcbbaabbbdcacdbacdddabdadbbcdaabcbdbbdab
aacddbdadbbbddbcaadbcdbacdaaacbabdbadddadcaabaababdbbabdabdbddddacbddbbaaddcdbdccadddbbdbcccbaaaadabbbadbddaacdccbaaaabbdaaaccdabdbdaaabbdcaaab
caddcdbdcbaaabadcccbabdbbcdbabbdcaababadbcabacccbaaccdccddddabdaaaddcdcaacdcbbaccbbaaccdcbcacadabacabcbdaaddbbbcbcdaaddadaaababbcabbbdcdacbccbdaadaddbadcbccdbabbcadddabdbbdccaccbdacada
ddadddddabccdaddacb
cdbcbbddddbcdbdbbddacdaacabdaaacacddddcbdbacdadacbaaaadddccbcbcaabcddbdabadddbcddaaacabdadbbdaaacdaacbbbbaaabdbcbcccbcdaabbdadbbadacaccdcaaadddbcdcabd
dbdbdaddadcdbddddadddbcabbdbbbbddaaacbbabbcdbdcadbdacabcaaaadbaadddabdabcbdabdddaddddccaacabddcaabbbadbbcabdcdbbaaadbbbbdacabbaaabbabcddaddabccbcabccbcbababbbbddbcaaccdcacbadaacccbabaabcddddacbbdcbd
bababdbaacaacdaabacbbddaddacbacbddccababacaadcbbbababcccaacbcdabcadddddbbbbbbbcbaaadabaaacbcccaccbbabbbcbcadbbcdababa
cddddcbbadcbbcaddaaababcaacdcadbcbabcbdacccabddcdcbdadddbddcbbbcdbaccdabddcdaabbbadacccbacaaacbacacbbacaccbaddcdadabbdbaaaaabddbcabcabadaadbbbbddccabbdcbccdbadddacaacdbdcacccccbbcdcdbbbaddbcaaaacbcbcacbbbbb
bccadaacabddcadbadddddccacaaabbaccaccadcdbbddcbbcbacdbddddddddcaacbabcabdccbbbbdbcdaddddcdbdcaaddbbbcbccddbcbacaacdbdaabbbabdbdbdddddcadbbbcababdaccdadaacdaddaadbaacddaabdccdbdbbaabdbadddcabdaacad
bddcbcddcdbdbdddcdddaccbbcdacabcaadabddcacddacccdaadaaaaaacacbcda
c
bddccdabccdbbbbadcbacbcbcdddcddbdaabbabbbbacdcddaaadabccbbaadabcbadcdaddbdcccadcbadcdcddcccacaaacdacbaaabcabacdaddaadc
ddabdcacbddabbbabddcaddaccadadccbbbbbddbabadddcdbcddadcdaabcbaccdcadcddaabbdabc
ccabaaaadcbdbccadacaaabbaaabbacabccccccbbdabdbadadcd
cbddabcbbacaccbbbbcabddbbcbdbccbbbdddcaccdcbabbbdddadccbdbaddabcccbdadbcabcabdcadaccbdbdcdaabbccaccaadbbdaaacbbddccabdccbbacacbadda
aaadbacdaaabacadaccddabdaccbadccbcacddaadcdbacdbbbbddddccbdbcdccdadcbbccccdddaaadcda
dbdbdbddaddbacdcabdcadbcabadcbddbddcddbbcbcbacbdbcbbabbaddddacdbbadbddbddcdcaddcaadbcadbdcbbccacadabdcadcdaaacdcdbbdddadbccdbadbbdbdcdcdbadadadbbdbdccbdbdaccbbacdbbadbaaaaddbbaabdccbdbcab
cbbabdadbbdabccacdabbbdaadbdacaacbbcdaaaadcbddbbdcacadacaacdaccbdabaabbbacccddccadddcbbbdabbbdcbdbaadaababcccddbbcabbacdccbddbdb
ccbbacdaaaaacdbacddbcdbaacabcabaddabccbcbdbcddbadcdadbdadacadbddcdddcdcababcdbcdadddbddabbaaabccacabbdcdadbbdca
bddacddbabddddadcdcdcacdaadddaccaaddcaabbbcbadccaabdddcaadddbbddccdabdadcddcabadbcaabaadcdcabdccabbcdbacbbbabcdaddaaabbdadbdcbbcdadcdddbddcbcdacdcbddcccacbbaababcdbaabadb
cdacbbbcddbcbadbddccadbdaaaacbcbdbadcdacdbcdadacbbcdbaddbcccbdc
dccdcbaacadcddaadbadadccbaacbcdadca
dbcabdccbcbacdcddbbdbaacaccdddabccdabbbdcacccbccacddbcaaadadac
bbabccadcdaacadadadbcdbdcaddbcabbcbbdbddccdcadddbbdbdbaaddcbbaccddbbdaacbdcdcaabdabcdccdbdcaabbcbadccbadabbddaccccccbccadadcdcdcaaadcacacbabbbddcdcddddaadccaaddcddbaababbaba
bdaaaacc
dbdcaddcdbcacbddcabcccbabbbddcbccccbbbbadaababdbacddccdcdbabdbcbcacdbbbcbacabacdacccbdadaddaaaadddbccdaaabddbbdbbcdcadacdddccccbbdabbbdcdabaddcacab
bcbbddbaddbadcaddddd
bbdaabc
dcaddacbdbdbadabbccbaabcdcaaaadaddbdaadcababadbddcbdbddacccadccaacccbbcdadbccbcbbbbbcbdbdabaaabcbccdddddacacdbabcaaaacddabdbcdccbccaadddacdcbaaadbcbabacbcccdaaadddcddbbabcdbcaccadcabbba
dddbcbddacbdbdabbaddaccbabaddcabdddcaaacbcddaabbcadcacadacbadabaaddbcbdadadbabdbbcdbdbcdbbdbdddbccaddddbaacdddccabdacabaaababbaaabddcadbdaabcaacdacbccdcdaabddbbbcbbb
acbbbaddcadbdbadbacdabaccacbabaabcbaccabccadccacaaddabcbdd
accdbcbddbccdaabcdbdcccdbdcabcdaadacddacdcadbdbababccabdabaacbaaaaaccddacbbbbacacacdbbbdcbcabbdabcccabcaaabbdadbcbaacdbdabdcdbcbccabbdbdbccbabbccbaaabdbdccbbaadcdadcbdcbbddabbdddddddcdbcbaacccddccbdadcaddc
abbacbaaaadadbdbdbdaaadbcbcabbbbcacaaacccaaddcdcdbddbdaccbdabcdaddccdcaadddccba
b
ccbdacbaddc
cacaad
badddadbbcabcddabccdbcdbcbbcdacaadcadbbcdadaadbbdbcadbcdbbbddbadccbbabbcbbccbabcdbddacbbcdccbacbcdccbabaadbbabcdddacadbaddbadcbc
adbabadbaabcabcbacbaaacdaabbbadcacddcbdbcdadabadcbabacccdbddaccccdcbadbbaaddccbccadbababdbaabdbbabdacdbacaacdbccacdabbddaacabccccdbcdbcbad
cdbcddbdbdaacdbdcccbbaadbaaccdcdcbaabaaaabaddaaddaabaadccddcaabbccdabdaabdcaabbacdcbabcccacbccacbcdaadabddbcdaabcdadbbaccbcbdbbdaabdddddddbbdccccbaddcdccdcabccaaacdacbbddbaaacdadbaadcdd
cdadacbbbdcdcbcabcadbcadbdab
dcbcbaacccdadacbadacdbcacdcacbbbcbdbcabbdbcbaccdabbcbdcdaaccbcabadabdbdadaadccacabbabaaddbcacaabdabcadabcaddbcbabbbcbcbababccdcbcadbbcabadcaaaccbbadddcbaaacbdbdddbdbadcabbbdbdbcacdccbacbacbcdadbdacdcbaadb
dbaaabcdcbadbccdababcdccbdcaddadddbaacacaadcadabbcbcbcadacddadcdccabcdcacddcccdcadcdcccccbcccdbabaddabddcbcdcdbadadbcaadcbcbaccccbddcbabddabdcbdddbbccdaacbadbcbaaddc
dabcdbaaaddddbcbbdadabaaacbaacacbaddddcbcddcdbaadbadbdbdabdcdbddccaadcbdcdcbaccdabddcdacd
baaacdbbaddacabcbddaddbcddaccbbdadbcbdbdccccbbdbbcdcdbacabdabaacacbdcdaaabdacddabadabacddbdaccccbcdacdbbccbcbadddbcdbbcbadbadbcbada
dcdbbdcdadcbbadbddaddddcbdacccbcbbddddacabdaaccacbccdbcbdabd
bdccbccdadcbdddcacbcbabdbcdbcccaccbbcdcdbddccacadadaacacdaddbadbcdccdcccadaacadaabbcccababdccdbbdcdbcdcbcbacbbbddabbbdcdbdb
babaadcabdddccbbcaadadbdabbdcbacdabdaacbbbdadbdadcdabbaccdbcaadbdcaccacaaadaddaabbaaaadcdbdbbcbbbadbbcadbddcbabbddcbd
dbcdcabbdcdaabcbbdaddbdcbccbdccacaabbbabcccadadacccaddaa
cdacaaabccaabbbdcbadabdaacdccdacaddbacbccacddcaab
ddcdbdcdbaadddcabbbccbcbdabbbddbdcabbbacbbdbcddcdcbcdcdbbccdabbcadadaabadcaabcdcdbccbbcbdcaddcabbdaaccbddbdccaacddcadbaca
dbcacabdcbbccdbdbddabacbacbaccddacdacbcccbbdcacdacbbdcdbdcaaadada
acdddbccdbcacddadbddbcbcabddbcbaabdbcbadbbcabacadadbabccbdbaabacadaaacbddaaacdbdbddbbcaadddbcbdcabbbbbbadbddcadcadabdbcacbddbbabdbbbbdcabdccbdcaaabccbabdbacadcdcbbbcacacdbd
bdcbdaccbac
bdbbdbdbbbabcbabdbcbbcccbbbbcabdaaaabacdddddbcccabbdbadbbaadcbdbbcddcdbaddccbcddabaabbcdbdddbdadccbbabbaadab
aadcabdcdaccbbcdacacdaaaddbadcbbbabababadcdbdbaadc
abbadbcadaacbabbcabddcdbdcbdddabbcbbcadbdbacdabaaddddadcdbbcabbacaacaabccdbadcadacababcbbaaddcbbcdadadbdcaaacdabbbbcc
acadccddcbbcacbbdaabccbabccaabacacbcaaabdabcdaccbaccbcdcbdccac
bdcaccacddbccbdcdaabadbddddddcbdcaddcdddbcbcacadc
adbbdabccbbcabaacbcbaddcacdbdacbbadacbaadbdcddadabaadaaaccaacdacdacccbbabddcadcdcbaccdcbcbdadddadddcdaaccaacadbaab
dccaddadcbcbbdbbabbcbdcbbbcabbaccabcaccdbacbadaab
abdbaddabbbadcbabdbacaadaccadcdddcdaabbcabbccdaacccccbcabbbdccaccccaaadbbddddbdbcdadcdddbbdadbbadaccdcdacacbacddbcbdcccbdabbcbbdcccdbddacadddbcdadccabcabcbbbabcbdaca
baacbbdbcbbdacdddbdbdacdadacdccbacaaacdbbbdbabcdcbaabaaabdcddcacbcddbdbcdbbdaccbdabcbddbcbacdaccbdbaaaacaaccabaadcb
ddcdaaddcbaccaabbbbabaaadcddddcbcdddabdcdacbbdcabbbdadccbcbdaaaaaaaddaaabdbbadcbbbcdaddca
cdaababbdaabacaddcddbdcbddaaacdcbdbabbbddc
acbcccdccbdcdcaabacabcddda
acbcddbcbdbcadbcacbcacbdcbabdbbabbdabacbcbcacacadadadbcdadabbcaaaccaacbadbbadbbcdbbaaaacaccbdabdcdbcddbdccacdbbadabccddadcabadccbbd
dadcdbbbddcccbacababdacbcbdbddccdbdaaccbccbaaabadbdddbdcdadcabcaadcadaaccdcaaabddddbdadddcdbacdbbbddbacddddbaaadbacadbbccbacccdacacabcdb
dccadcbdcabcadbcdcdbbdbbdabcacabddadcbdaddbbacdaccacdabddccbcbcbbcadcccdbdbdbbdacbdcaacbbaaacbdabbadca
ddbcaadaacaabbabdbbabaccaddcccdbcaacbbabdabdcabccaaccbdaacaabdddcddccdababbadbbcdaaddbbdcbaddbcaddcbaaacabcdbdacaaaddcccbdacbcddaccddbdabbcdbddbabbcbcccadadbacbcdbbacacaacdbddcdbcbcbbbaccacddd
aacdcdbcbcd
bcdcccbbbdcbadbdccdbabbbddbddddcccacbbdadaabacbdbaaddacbbcbadbcaaddccccadcdbacabbbcdddcccbcccbdddddbaaadbdbdbaaaccdbddacbbadbddb
ddacdcbcbdddcdbdccddbbddccabddcaaaadabadcbacabccdcbacdaacdbcabcdbbab
bbadcdbdbdabaaaadccdcdddcdbdbaaddc
dbccdcadacbdbcdabbdddadcabbadabddddbbdddcbdcaacccbccdcacdcabbddbccacbbcacadbcaadbcadbbbacdacdaaacbabadcbadbcddadcaccaabadcbbabcba
badaabdbccabbcccaadbabacabbcbcdcdcbcadbdbdcababcdcaacbddbdaccbddcddbadddbdaaaabbbbcdbdbcadcbbccbccadbbaddcbaaddcda
bdcddbacacbcdbdbdccbbacdbbdacccaadcacbddcbbcbdbbccaabdabcbacaccbcabbaabacaabcccdbcabcbdcacdbcaacd
cddabdcbdbbabcccaaacbcccbabcaadaacbbbdacdbdcacbbc
cdbabccddadbddcaacabddabaaaaaabdcddaddcdcddbcddbaaa
dddaaaccdbcacdacadbdadcbabaddbcbabacdcdddabdacaabdabaacddbaacadbddbabaaabbbdbcbda
abbcabaacccddbaccbdacadbdbcbadddcbbdacbbaadcadbbcabcdacdbbadcbccadbaddacbbdddcaddadbbaccabdaccccbaaacabaabbcaabcdaabddbacbcddb
cbddcaadbbdabcdcdabaacbaabcddacdacdbbcbdadcdbacddbcacacbadababdaddaacaaacbadbcbdcccadcbdddbcdadbbabbddddbabacdcaadbddadcaaaaccdabbbcdacdbdaabddddbabdbadcda
bbbcaaadabdadbdbdbacdabbbcacccddccdaddbaabbaddcacddcbaddbdabdcdadbdcddcabccbaddd
cdbdddaadbadbdbcdbadaccddbcbddbdbbaccacdcbadbdcadbcbddaccbadcaaacdddccaddbdacdbcccaddaacdbddbbddabdbcdbbbacbcaaacaaaaabddbdadddbabcccaabdddaaabaddbadccababbbbbaddaacc
ccdacdabbbaddaabdbbbddbcdabccdaaccb
dacdcabbaacbdabbbbadddabacbadbdcaadbaccbbabacdabcdaabcbbdadbbbacadcacbadcdddcdaadcac
addadbcddcbccbbbcbadaabdabbbbcadbddbdcaacdcccbdaaacbcacacaaabbbababbbdddcdb
ccdaaaccdabdaacdbcadadbacbcdccccadaddcdcbdbaddacaaaaacddcbcadaacccabbddabbaddadbdbcbccbbadcbabdcbaaabaacdccbacbcaacadaccacbccc
bacabddddddddaddbbbaddcbddbddcadcacbcbaaadacdccbad
bbadcbbadadbcdaaabddbacddcabadadbcabbcddaaadacacbcbbddacbbcacbcdabdadcdacbaccdddabbddadcddabadaaacaddbdbacdbbbcaaabbabddbbddabaadbaddbccabcaaaccabbbdacbdaadaccbacabbdbbacaccaabbcacbcadbaddddba
bbacabbbadccadcdcdbbdbdbcdacbadcccdcadbbaddcdaacabcadcabddcbaadbacdaababddaccbaaabbcdccadcabddddcccbdbaccdcaababdacdcbcdcbbbaabdbbabcdcbaaacdcdbcaaaabcccdaccbdbaacbcdbaacdadbb
cabccaacddaadbaddadbacbadcacbbcbdabdccaccdbdcdacabbddcaddbdcbcdcbbadabdabdabccccddabb
cbcbbdbbbdbabaadabdbaaacbbbcabccaaaab
dcadaccdadbcdddbbaabcaccbdabcaadbabcdcbdccccd
ccaacbdcadbbdcacdbcddbdadbabacbdccccdbbabbcaacabbccbcabbdabaccadccbbccacdddbdcbadbbccabadacdbacdcbbdacabaabdbbcbdcdbadbdcbaaadcdacbaaddcddac
ddadbaaccccdacacddcacbbcaadccdabaadabdccdadbaccdcbddcbadacacdbddaacbcdacddabbbcdbdbbbdaabbbdabacabcdbbdcadcbcaddbbbbcbdddabaacdcdccdbddbbbbbacdadbbccbdbbdaabacdaddcacddcdadcbbddbdaccdabcabdabaadbcddbb
bdcacbddd
cdcdccbbdddcabcbbddbbcabaaabbdaddcdaaccadddaacbbacbacddabadbaaa
abcababdcadaacbbdaddbabacaaabacbdcddacabddabcddcbcaabbdaacacddacaadacbdddadccaacbbcdcacabdcddd
ccbdbcaccbaaaaacbabdcdbcddbdbcbbabbababacdcbdddccaaacbcbddaaaaaccddab
ccccdcdbdaacaabccdaccbbccdbbdddcbabccccbbaaddaaa
bbbabbcbaaccccabdccdcbacabccbcadbadddad
addccdcbccaacdaddccaacaabddaaaadacdadccdbdccbbcbbadddcddaddccabaaccbbdcddccadbcc
abacbdbddabddbbabcbabddbcbddddcabcdbaabdadbacbaacadcdcadbaabcacacacabdddddbabbcbbabbbdcddacaabc
babdddcbdbddbbcbbaabccbcabbccabbabccdabaadadcdaaaabbdbbdbacdbbbbdccabdccabdbddddcbcdcacadcddcbccabcaaddaacbababcdacadcadcabdddaddbbadcbbbdcbdddbbbcdacdbbcdcdabddcccbcbbbbaababdddbbc
dadbddbcadbbcaaabbabcbcabaccbabcaabcbabccdddbcbacccdcbccadbaadcacbbcaccadc
cbaddccbaaacbbadd
cbcddcacacbcaaddacddccaabdcdcddadbbacbabdcdcaabbdddbbacdcddddbcdcbccdcbcabacbdcccdbbaaaccacccaacdaabdbdddabbcdadccddcbddcdcbababacdcdbabbacdaccdccbbcaacbabdddcbdbcbbcdbcdcbcacddbbbdddbbcadabbbcdbdadabb
cacbadddbcbccddb
bdbdaabaaaaccabcddbddbbaacc
abcbacdcdacdadacabbbcaaccabcddbdaabdbbcacdbbbcccacdddbdddbbbccdacccabbadaaaacbabccbdcdacbabadbacaabbdcddaabddddcabacba
bcccadcacbccabcccbddaddbddcddadcbbdabdbdaccbbaaacdbacabbcdbacdcbaaabaad
dcdcaadbdcbdadbdbadabbaadbdadcccdbaaabdacdabdc
bdaababaaaaddcdbbdadbbdacadcbdbdbccdcbacbabbacab
baddbdbdaabbbbababcdcabdadcaaccdbdccdbcdccbdbcabdccadbcdbcaddaccbcabaabcadbdcdbcddacabcacddabbddabcaddbacacbdbcbddabadaaba
ccddaadbbcdbccdaccbdbbccdabcabdaaaccbcddccaaccabcdabadaaadcbcadabacbbdabdccbad
aaddaababbaccdcddcaaaaadbddabbacbcdacdadbbdabcaddabcdddcdbbbbdcd
daabdccddbbcaaccdbbaabbabbcadcccabdadaabadcaddcaaabbcacadcdbbccbcbccccccacbbdcbbababadabaaccadbadddcacabdccdbcbdabddcacabcbacbcddbddccabcababaadbdaabdabdbcccbbcdddbdcaccabdbaabcdccacdba
cdbaddcccdcbcdddcaacbdbabacabbccbcdcdbdbbdadbadaccbbcaddadbdacbdacddcbdcaacbdcababccbacddbd
bdcacabcccbddbcdcbdbaddcdaabbcdbdabbbabbaacbcdbddcdbbdcbbbcdccbbadbccccdbcacbdbbdcbacbadbadadcdbbccdaaacbdbcdbbcddbddabdbdadabcccbacdabbdcbbabbdadcbabaddbbdddaadabadcb
dbaddccdabccaacdadcddbcbcdadcddaddbdcdbadababacaaccbcaacababbacb
aabaddabcbbbcabbdbcacadccaadbabccdbddcadcdbdab
bbbbaaddbcacdccbcdbcbbacbdcadcabddcadacbbbabcaacdcccdbaccaabcabaaccddcdcdabdcaadaccacdaddabadabccaaaadadbaacaddbdbacbddcadbbabdddaaaadacccbbacbdcdacbbcbcacabcbdacbbbdacbacbdaacd
babcbdbabbdabaddbbbdacabadabbdcabdbdddaaacadccddddabbabdbabdcdcabdddddbaddcdcbbbadaaabdadcbaaadababdccbcbbbacbbaabdbcbcdbacccbcbbabadaabccdbaabcbdacdabbddbbbdbcbcdcbcccdcbdbadcdccccdaaadacbbcccbbd
dcdccabcacbacdbcbccddbdabbddcbbdaabdabcdcacbccbcbacbbddcdddbdbbddccadadbaccadaadcdbcacbbdbcbadcbcadadcadbaccbddaadacd
bdddcbbacbbcdabbaccccdddaabbadaacddaddcaabcbcdaadcdabbacdaaabdacdacadc
ddccdacdacbddaaadccacdccddabadccbaadcdbbbcbdabacbdcbcbdaabdcddaaaddbbaccaacdbcbbdadccdcaddddcccadadbbcbddcbdbadaaaaaabbbcbdabdabdacddbcdabddbadccababbcdadb
aabbabbcdadbcbaddcacacbacdcbcddddcddddddddbccdcaacadbbbdaaaddddadcbcadbabbabcddbadcaccbdbbddcdaaacccabdddbbdbbdbcadabbdaccaacdbcbdadd
bcaacdadcccddaacacbbcbdbaaddbdcadcaddaabaaadddbdadcaccacaccbdacabcbdaadabcdacbcadccacabcccdcabbbabcdacbabccdbadcbc
dccdacabdacdbbbabbcbdbcbdbbabdccabccadcdcacbccdcbadbcadcabbbbabbbbdcbcdbccbbabdbabcdcabbcbcbaaaadacadcabcbccbbacd
acdbadaacbd
adcaadbddccdadbccbdbaabdcbcadcbca
ddbaccdcdddddddbbadcccadcbcabbbccbadbaddabbcaaabdadbccabbbdacdbadbccccddcbbaadbaaddbdaddabcbcadcbbabaaaccdadbccabcdbaaccdadbdbbdcddcaabbcdcbaaddcbbbdabbdbacbdcacccaaddddddbbabdcdacbcbdadcbcba
c
abcacbadccdddaaacdcacbacbbdabcadaacacabdddacbabcbaacbcadbdbbbacaccbbaadacddccdacbcbaddadacddaadaaacbacbbdaddbddcdbbadabbdacbaaabbbcabddaddbadcbaaacdbbdadbbdacbcccbcbcdcccacabcbbdddaabbdcbabddcaccdcbbcdcdabc
bddbbccbacdbbaccdabdabcaaabdcbbbdcaabcadcbacacbaddcccaddbaaccbdccdabaddacadcdcabbdbdcbabcddaddcbabaaaacdcdcdacccdadacdadbbaddadacddbddadbcbadbbddbaabacdcdbcbbbbadbccbccdbdddbdccaaacddbbaccbcccacdbcdaadac
dbdbbcccdcaddcddccbdacacbdbacacacbdaacbbadacacacbbadaabaacacadcbbbcbdadcaddadcdcdcdbbabdabbcdcdbbcdaddbdbddaddabdbbbbcbbadb
bdadabacbcdcbbacddaadcadbdcbcdbdbbbdcbcddadaacbbadddcacabadbabacdbabccbcabdabaaddabcabcbaabbbcbacdcbdbbdbacaccb
abdcacaddbacdddccdcaacdbddcbcdcdaadcdbcacccbddbcbaadbbada
bcadcbcddcdccabaaacdacacababddacabcbdbdcddaacababaddcbbacacc
acddbacdbbdaaccdaccdbbdabddbdaccbdcbaacbcdddbbdcdaaacbacaabadbcbdcdbbbbadbcadcddcdadbcaaaca
ccaccadababc
ccbbbbccbdbadbbbbdadaccdadbbcabdbabbadbbcdaddcbcdabbdbdddaacaccdadcaadbbcabaacddccbaccbaadddbbdcadabb
bcdcabbcdddcdccccabacacdcdbdbdbaaaccdbcacdadaddabbdabaccadbacbdcccbabdbdbaaddbddcaadcbddbdcddaabbdaccdadcabbaddabcacdbdcccabcc
adabcddaadadccaaccadccabbdabbcaaddaadccdbaddddbbcacbbdbccbcbdabbbddbbacbdccccdbbbdbacaabdbbcaccaacbabdbcdcbdbbccdbbdcabcbaccddcaadcaaaccccdbcaccdddadbbdddaccbddcdcdabbbddbcbcdcadaccababdddcdadacabbbbdadd
bcbcacaabcbcdaadbbaacbcccbbcccdbbddaaaadcbadbdcbacdcccacbdbcccdcaddaccdcbabddbcdbbabdacdbdccbaaabdddddbcdaacdcddcadcbcaddabdcdaaddcdacdacadbabbccbbbdaccddddbacddadadccdccaacacababbdbdcaccdccaadbcbddaaadaadbac
accdaadcccaddabbbbbabaccaaddabbbdaabccbccaaddadddbaadcabdcdacadbbcbddddabddabcacaccdcdcacaccdbcdcbcdbadabddadbacddbcbbabdbddadadabcddaccacddccddccdccdadcbbadcdbdcdddbacddbadcdcbcdabddbcacccdbccadcddacbda
abbcaabaadcdadcbdbcabacdabcddcdbddadcdaadcdabbbbbdcdcddbcdcadccbacbdcaaaaddddcaaddcabdababcdacadcdbabddcbcdbabdddbabcadbbdadbdbaabcbaccbabaa
aaaaadcacadacccdbbdccbdabaccadcddabcaddbbadbdaddadaccacddababddcacbdcdcc
cbcdcbabdcbddbcbbdaacdccdabcbdbbcbabacccadcacadb
baddadcbcacacaada
ddbaadcbcccaccbbcacadacaabbbadddabdadabaacccbcdccbbbcacbaabbcaccbbdacddcdcadddcbdcdddaacddabacaccbdadbababddddcdccbcbacbbbaabcaaacacddbacbacacbbadddbccdcaccabcadaaacbcad
abdbddcddbcbaccccdbbcaadbabdbccbccbadacadadddbddddd
ccadadbaccbdbacbabdcaccbbcaaaacccdaaaabcdabbadcbbbdcdbbacddbbaccbcdabccdcdaacdcbabcabdcdcabbdbcababdbbbbbcbbcacabccbcacbbaacbddbddddbcaaaadddcbddbadadcbaccdbdc
ddbdcadbacddcdabbaadcaadcacddcadabbaaddadaacddbadcacdcbbabacaaabcbbacbddabaadbcacabaaddcbcdcbadcddddbaababbbaa
baaccdbddadccbcadadadbbcbaccdadabdbdbabdbaabbbbbbbaabddadcbdcdadbadbccabdbdaddadcbbaadccccbdbabdaddddcb
ccbacbadcbdbcdaaaddaadcbdacacdcccccbbaacacabbbbbaadddacbaabdacccaadbdcbacbcadabaccacdcddabdbbcdbcdbcdbccaaabbbdcdbdababacdddacdbcbcddaddcaccddccdacdcaddadbccccdbddcabcabbdcccbaccdbacdacbbbbaadabd
abaacccaaddadabbddaccbcbcbbcbcacc
adbcdaccabaacbcbcbabccbcabcdcabadbaaccbddc
dcacdabcdcdabdadaabadcddcbcdbbbccccccbcbccdacddccabaacabbbabbdbaaddbdcdbccdddccdcdcabbdbcbcbacbddbbcbcddddcaddbdcdbdbddbdbbabccaabbbccbcaaacdcabacdacdcbddaadbdabcbc
dbbadddcbadbcbbcbdbacbbdbadbdddabbbbcbcdacaccdddbaddbcabdbd
bcadbcabdccaddabbccaabdbcddcabddcddcbadbcbbaabbadabbdcccabaadcdcacaadabadbdabddaabcbcb
adbbbaacdaabdcacadbaddaaaaabbdbcdddacdcaccbccbddbccacdddbaddccaacdccbadbbadaaddcbacab
cccbdadaaacbccddbbbbabdcccadbabdbbcbbadcbabcbaa
cdbdadddccddadbaabaabbabbbdddddbdbcdcccccccbcabbccdccccdaaabcaaaddacbdabdcaddddbcbbdddabbabddacacdccccadbccbbdacaacdcdaabcdcabccaaabdacb
babbdcabddabbcdbddaddbdcaddccbaabbacccaabcacddccababdbdcddcbadadcbaaccbabbabcabcdcbbddcddabdbacbacccdcbcbacbaaaaa
bbdbdbbdaadccbcbccdbddccbccacdddaddbaccddcabbdbbddacdcccdcccddaabbacdddacbbdcaaacdbcaccaca
aadabdadccacaadddccbbdcaaacadddababadaccbdcbdaddaabcbbbbdaddbaabdbaadbbaabddddbcacaddbdcdababacdaabbbddbddbaacadcabddbdbcdcacdcbadccadbdbbccadcaca
aaabadbbcbdcbaacadbbaccabdacccadddbddaddcdddcbcdacaadcdcadacabaddbcadaaaabcccabcbdacbbbbdbacad
bbcbcdcbbbbbaccddccaabaadddbbcaacbbaddadbaaaaabdaababaaabcbaacbdaadcacaddacbacbbabbacbdcdddacccaaacbbcdaacabbbabacccccbdacb
ddcdabbddcdadadbdcdccacdcdbbaacacdaabcddccdcbcccdcacdabcbcddabacddddcbbcdcbabacabcacaada
dabaaddccdba
adbababbacbbabadccadcabacbaaccbbddcbcbbcddaca
abdaabdccacdaaadbcddcacdbabadaacbaccdabacbbbccabbcdcabca
cbcaacbdcbcddcacabdddddadccdaccbbdccaaab
abbdabdcababc
caacdddcbcbbbacababcbaababababdbdbdbdbbc
bbdacdbbcbbbdcbcadcabaacaaacbdcaccbbabdbbdbadddddaccbbbaadbaddbabcdababddaadbcccccb
cbcbccbddaabcbacacbcddddcadbdddbbbddccbdccbaccaccdbabcdaaacbbadacbcdbdbbdacdbacaaddbdbbacdaabdabbdcbbdacbcdcbdbadcccadaccbccccacdddbcbadbabbdaaadbdbadbabaccbdccabdcdbddddaabcaa
ddcdbccbcdccacadcdcbcdaabbacacddbaacdabbbddcccbbaaacadbcacdaacaacadacacdbcbadabddbcabacbdaadadcaaaaccbbcdcacdaaddcacdddcbddcabadadbbabbbbbbaadbdcbdbabadaaddcdddaaadbccccccabddbadcdcccbccbbbddbabaccdaadbaa
aacaccbabadcdcaacbadbbbcdddddbdcaddcbccaadcbdaabdbddbcbbab
babdaacaabbdccdabbddcadbaabdbbdbadccbdbaddacbacdccbadcdcadacabbaddbbdaddbabddbcdcbdaaadcbadcbbbdcccaadbdcdd
cdddccbccccaddbccbcaaadbdcdaabcbbddddcddbbcbadbcddcadcadabcbccbcacdcacaaaccdaddbaabdddbcdbcccbdccdbbdbbcdcbcababdaadddcadaacccaddcbbdcadadcbab
caadaadadbbdcadcbcdaaaaddabaccaadbabbccaabbcbdcbdabaccbacdcacccaabdbaababadadbbaabdca
babbadcbacbdadcaba
acddacaddaccdccdbcdcdbdadadaddcdbcdbdcadbccabdaacacabacdcadcbddaddabaccacdadccdcdabacbababcddbbdcccbcabacbaacdbcbd
ddbabbdbbdaadbddadacccacacacddcddcacddcadddadbdcdbbccacbbbbbacdbbcabababbccaddaaababadbccdcbcbcadbdcbcbbcbaaddbaddcbbabcddcadbacdcabbbabcdcbbcdaccdacadaa
dbccdbddbdbccacaddadbcacadaccabcabdccbaadcccdabcccbcadcadbdcbdcdbcccdcaccaabbabacac
babdbdaabcccacdcaaddbcdcbacbacbbcbaadaacdbdddc
bdddabaabbbdcbaababcdcbccccbdcaabdabdbbbdcbdbbcccaad
cdaaabcdabcabacdcbdccaaccabacabcdcbaaadcdadadccbddbdaabbacbacacdabaacabdadcbbdbccdbdadcdcdbdccccadccdaaacacdbbaadbabdaa
acbabcbdbbcabcbdddcaabccbdacbcdbcbbbabaadacddbddcdcbbdbbadcabdbcbaabbbadbbcddcaccbcaccadabcdacddbcbdcdaaddcadccbbbcbcbabadbccabadcadaacaacbccbadaddbccdbdcaacba
bdcaacdbdcaabcdcdccbabbababaccbabacddabbbabddababcbcddacaaadcbcdcccbdcaddbaaaaaaccbdabbddacbcddbcccdbcdddbbcaaaabaaccdcaabbaaddcccccaddbadadbbbccbbc
ddadabbbbcddbbbbbaaaaddbddaabcbbcdbaaccbdadcbcccabccccdbbabbbbccaddccbabacabcacabdbccbaadbdabaddbcabbabcbbdbbcbdabad
ddcbdbacccbbdcaabcbcccdbabdddcdaddddacdcdcdaabbaadcccabbaccbdcddaccbabdaabbbbacaadaabacdbbaaccdbd
cbcbdadbdabbdddacdaddbcdcacdbcbbdcdabcdaaddcbdbabaaadababbccddbbdcdbaacadaabccdbdacaabccadabdabdabdddbccccaabdccaaccabaccaaccabdcdcbddabadabbabacdbb
addbcaccbbdddaddaacbacbbccabdadaaabbbdaddabddacddcacacdddbacaaddbcccbbdbbccadbcabbdbcdaccdabcddcbccbbacabcbdabdbacabdcdcbcaddbdccbbcbcadbaacddacdddcbaccacdadbcdbabb
cdbcdcacddbbcbbddccdbccbcbcabacdaddbcbccdaadbcabcadacbcbccccddccaccacbadbbadabbcaaddcacbbdbcdbdccbdcacdbccacaaccbcacdadddbbbcadccacccbbcbccacdcccaabab
ad
abacdccdbbaaaaaddddbdbcdaacdbcbdcbccbdcbbdadcabcdddcccccdddabbdbdbbaaaccdbbcdccabcdbdabcdbadcdacacdbadbacbacbabcacdbbbcccddbbbbadbbbbdacaaccbdcccdac
ccaadabbaadbadbabaabbccdccadd
accbabbcaabacbccbcaccdbbc
cabdaddbaaabacdcbababdcdcccdadcdbcbdadbdbbbbdbcacaccddbabdaaacbbbccaaaaddbcabdcdccccbccbbaccbaaadadabbcaaadaacabdbacdaaaacddaabadbcbbbcbaaadbcdaacdacdcaabdccadababbbaddaccdcdbcdbddbadabbaadcbbddaabdcdabdddc
caddadd
dbbad
ccdbacddbdbcabcdbbbbdabccbbacabcabbcaccbca
bccdadcadbdcdcdcbaacccdcdbdcdbbadadcacdaabddbcbaacccdbdcdcbaaabcbdcaddcaddbbddad
bbcdccddbabbacbdbadacabbcccdbabbcbbdbccdaaaaabadcccbcddcddbccbbdbacccbaaadaabadbcbadcbabcaddabcaacdbddbdadaaaccbbdcabaaaaccadaaaabbbdccbdbacccabbaababdbcbcdbcddcdcdccddccdadaddddbcaababd
bddbccdbadbbddddbddcdbcdcdbcbddabbccbbdabccdccacacdaacbcccdddbbbdddddbdabddddaabbdabadaadcbbbaaddbddcaaacabddabcccacaddcbccadacacc
dbdbadaaccdbcbddaabdbacddbcbbddbbccacbbbbbbcacbabcbdccabbaadbdbdcbabbcbaddcadddacddbddcacbdcccdaadddcdddbacccbabdcaadacddccdcddabbcccdcccdccbadbacddbbcadadacbacdcddacddaddbdbbdaaadddbbaaabdaaddcdd
cddcabadccdcadbccbbbbdaacaadcbcdcdbcdcaddadcdaaabacdabcdabcddbcbcaacabbacabaccabcabaabdcbaaacddcdbbcaaaadbbdadcaacaaaacdcdaabbdcadccaaaddbaabddcbadaacbbbbbabcacabaccaddbabbcb
aabcbdccdcdccbbccbbccdcbaaabcdccacadcdccbadbdcbdbbdbdcdcddc
bbdaacdbccddbbacaabdbabcaccababdcddabdcadcdbabbdcbdcabcbcbddabdbaabdcbaabdabcbabbdbaaadcbbbdcbadbdbccdbbbabaabdbdadbddcdbdacccbdccabbababbcacdbaacbabaacbbd
aabadcdccacccddcdccbadaadabdaddccdbadcdccbdcadddacaacacaaaddbbadaababbaadacaacbcbddcbddaacaaccbdcabcdcddaaddabcdbbaaccbbccbbadcaccadcbcbaca
babcccdcdaacbdbbcccbbbcaaccaaacacdbdaadccdabbcdcbcdccddaaabdbbccacaddbcdbdacbdbacaaaad
bdbadcddcdcabcddaadbabaccbcdbaddbdabcdbdaaacdcacadbdbbbcdbcadddcbdbdaaacdaaaacbaaabbdccaddcddcbdccdcbbbcbbdcacbbddcbcaadddbaddabcabbddacccaabcbacabcbcacaca
dcdccbdaccbbadaadbddcdacddbbbaacacaacdbccbaccacbcadbaddb
bddaadbaccdcbcdccaccdddbccabaaabaaadacacdcaaadcbcabaabaabbacaabcbbcddacccadaadbabaccbdaaccadadadcbcddaabacadddcabddabcdcacacdcca
ccaacbbdddbbacaaaabbbbddbcdadabaacbccdabbaabddbdadacdcbbbddbdaaacaddcdddbddbbbddabdabccbcdbaadcadccaacddaabbabbcabbabbbaadbdcdcaaadbacccccacddbdacaacaccdbdddabbcc
babadbbcbbbabddcabbdbbdbabbbcbbacbbdcdabaccdabaabcbddddbd
cadcdcaaccaabddaccbbacdadccbcddbaad
bdcacbaaacaacdadcdcdccbdd
bbadaacabbabdbbdbbcbaaabaabbcdcaddcdbbbdcaccdccbbcbddadccdddcbaabcbdbadcdbcbcdccdaabaadbcbaaadccbcbacbdacccccaccdadabddabcbaacabdacbdbcadccaabacacbacdbbdaadbdba
ddcadcbbbbdaacbabaaddbdcdcaaccaacbabdaababaacaddddbccdcdbbbabdcadcdadcdaccbdcacdcaaadcddcdbbcdacbccdabddcbddccbbdccbcdababdaccaabacbdcbcdcaaaaadabcabadbaccdaabdccdbbbadddadacbbbcbaadbcbbccbcbdbcddbabcdad
dbcaddaabdbcaddacbbbadabddcbacdbdbdbdbabbdbdcbacdcdcacbaaccdabcdaccdabdbcbbadcdbdccbadcdabbabadcadddbdacbbcbdbaababccaccccdcbdbbcabddbbdbaccddacdbdbcaabadbdbdccdacdbdbdccddddccbcbccdddbcaacdacbdcccbcbcaba
abcbcbaabaacdccdbdacdbbaabbabddbdacabdbdbdbbaaaaabcdddaaaccbdcabaadcdbacddcbbcbdcbbddcadcddccbbdcbdbaaacccc
cdacabdabadabdaccadbababadcbadccdadbddbbcbbcdaddaacbdddadbbddcabcabdcdaacbbcdbadddcdccbcabcabacbcdddcaacdaabdddbabdddbdbaadaadcccabbbdacaabb
cadacbbbbacddddadabccdcbaacadcabcbcdbcbaddbbdddaccadddcbabdabbadacbacadbbbcdbabbcbcccacacbdcacbccbbcdabcbcaccacdbdcddaaaaccdabdcdccddbadbbacdacdddbccaaaacadcbbbbcdbcaaabcacdbcdcaaabdddbbabcdabcadca
badcbbbbdbdababbdbcadbddddccbbccccbccaabccbdadbadcaadadcbca
bcdcccbbcabccdccdcddddacbbbdcddbcdccbdbdaaabddcddcabbccbdbbdaabdadccaccdacdcccbaabcabcababbddabcdaddcadabaabdbdbddbddbbdabcadaabcddacaabdbddcaaaaccdacddac
dcbdcadbbcadbaaabdaccbbdbcddddcacdbadaaaaaaadbacbacacbacddddacadadcacaccacddcbcdcabaacbbcbdbbbabbbbacdacadbbaaabcaacdaccdcaadcbccaadbbcdacccbbdbcb
cbdbdcaddacaccbccdbabcccabccdcabdbddbbddbbcdcbaadccdcc
