4
baa
0 1
2 1
3 1
3 3
4
aaa
1 0
2 0
3 0
3 3
5
aaba
1 0
2 0
2 3
4 0
4 4
5
bbba
0 1
0 2
0 3
4 3
4 4
5
bbab
0 1
0 2
3 2
0 4
4 4
5
aabb
1 0
2 0
2 3
1 4
4 4
5
aaaa
1 0
2 0
3 0
4 0
4 4
5
baaa
0 1
2 1
3 1
4 1
4 4
5
aabb
1 0
2 0
2 3
1 4
4 4
5
baba
0 1
2 1
0 3
4 1
4 4
5
abbb
1 0
1 2
1 3
1 4
4 4
5
baba
0 1
2 1
0 3
4 1
4 4
4
bab
0 1
2 1
0 3
3 3
6
aaaab
1 0
2 0
3 0
4 0
4 5
5 5
6
aaaba
1 0
2 0
3 0
3 4
5 0
5 5
6
abbaa
1 0
1 2
1 3
4 0
5 2
5 5
6
bbbbb
0 1
0 2
0 3
0 4
0 5
5 5
6
babab
0 1
2 1
0 3
4 1
0 5
5 5
6
abbaa
1 0
1 2
1 3
4 0
5 2
5 5
6
aabab
1 0
2 0
2 3
4 0
2 5
5 5
6
abbaa
1 0
1 2
1 3
4 0
5 2
5 5
6
abaab
1 0
1 2
3 0
4 2
1 5
5 5
6
babaa
0 1
2 1
0 3
4 1
5 3
5 5
4
bab
0 1
2 1
0 3
3 3
7
bbbaba
0 1
0 2
0 3
4 3
0 5
6 2
6 6
7
bbabba
0 1
0 2
3 2
0 4
0 5
6 2
6 6
7
bbabaa
0 1
0 2
3 2
0 4
5 2
6 1
6 6
7
aaaaab
1 0
2 0
3 0
4 0
5 0
5 6
6 6
7
babbaa
0 1
2 1
0 3
2 4
5 1
6 3
6 6
7
baaaaa
0 1
2 1
3 1
4 1
5 1
6 1
6 6
7
bbabba
0 1
0 2
3 2
0 4
0 5
6 2
6 6
7
ababab
1 0
1 2
3 0
1 4
5 0
1 6
6 6
7
ababab
1 0
1 2
3 0
1 4
5 0
1 6
6 6
7
bbabba
0 1
0 2
3 2
0 4
0 5
6 2
6 6
4
aaa
1 0
2 0
3 0
3 3
8
bbbaabb
0 1
0 2
0 3
4 3
5 1
0 6
0 7
7 7
8
bbabbba
0 1
0 2
3 2
0 4
0 5
3 6
7 2
7 7
8
bbabaab
0 1
0 2
3 2
0 4
5 2
6 1
0 7
7 7
8
abbabba
1 0
1 2
1 3
4 0
1 5
1 6
7 0
7 7
8
abaabbb
1 0
1 2
3 0
4 2
1 5
3 6
1 7
7 7
8
babbbbb
0 1
2 1
0 3
2 4
2 5
2 6
2 7
7 7
8
bbbbaab
0 1
0 2
0 3
0 4
5 4
6 1
0 7
7 7
8
bbbbaaa
0 1
0 2
0 3
0 4
5 4
6 1
7 1
7 7
8
baababb
0 1
2 1
3 1
0 4
5 1
3 6
2 7
7 7
8
bababaa
0 1
2 1
0 3
4 1
0 5
6 1
7 5
7 7
4
bab
0 1
2 1
0 3
3 3
9
abbaabaa
1 0
1 2
1 3
4 0
5 2
1 6
7 3
8 2
8 8
9
babaabab
0 1
2 1
0 3
4 1
5 3
0 6
7 1
0 8
8 8
9
bbbbbaaa
0 1
0 2
0 3
0 4
0 5
6 5
7 1
8 1
8 8
9
abaaabba
1 0
1 2
3 0
4 2
5 2
1 6
3 7
8 0
8 8
9
bbabbaab
0 1
0 2
3 2
0 4
0 5
6 2
7 4
0 8
8 8
9
baaaabab
0 1
2 1
3 1
4 1
5 1
0 6
7 1
3 8
8 8
9
baaabbbb
0 1
2 1
3 1
4 1
0 5
2 6
2 7
2 8
8 8
9
abbbaaab
1 0
1 2
1 3
1 4
5 0
6 2
7 2
1 8
8 8
9
aaabbbbb
1 0
2 0
3 0
3 4
1 5
1 6
1 7
1 8
8 8
9
bbaababa
0 1
0 2
3 2
4 1
0 5
6 2
0 7
8 2
8 8
4
baa
0 1
2 1
3 1
3 3
10
aababbaba
1 0
2 0
2 3
4 0
2 5
1 6
7 0
2 8
9 0
9 9
10
bbaaaabbb
0 1
0 2
3 2
4 1
5 1
6 1
0 7
0 8
3 9
9 9
10
aababbbbb
1 0
2 0
2 3
4 0
2 5
1 6
1 7
1 8
1 9
9 9
10
aabbbbaab
1 0
2 0
2 3
1 4
1 5
1 6
7 0
8 0
2 9
9 9
10
baabbbbbb
0 1
2 1
3 1
0 4
2 5
2 6
2 7
2 8
2 9
9 9
10
aabbbbaba
1 0
2 0
2 3
1 4
1 5
1 6
7 0
2 8
9 0
9 9
10
babbaaaaa
0 1
2 1
0 3
2 4
5 1
6 3
7 1
8 1
9 1
9 9
10
babbbabab
0 1
2 1
0 3
2 4
2 5
6 1
0 7
8 4
0 9
9 9
10
abbbabbaa
1 0
1 2
1 3
1 4
5 0
1 6
1 7
8 4
9 2
9 9
10
babbabbab
0 1
2 1
0 3
2 4
5 1
0 6
2 7
8 1
0 9
9 9
4
aaa
1 0
2 0
3 0
3 3
11
baabbbbbaa
0 1
2 1
3 1
0 4
2 5
2 6
2 7
2 8
9 1
10 1
10 10
11
abbaababab
1 0
1 2
1 3
4 0
5 2
1 6
7 3
1 8
9 3
1 10
10 10
11
abbbbbabab
1 0
1 2
1 3
1 4
1 5
1 6
7 0
1 8
9 3
1 10
10 10
11
bbbabaabaa
0 1
0 2
0 3
4 3
0 5
6 2
7 1
0 8
9 2
10 1
10 10
11
abbabbbaaa
1 0
1 2
1 3
4 0
1 5
1 6
4 7
8 0
9 2
10 2
10 10
11
aaabaaabba
1 0
2 0
3 0
3 4
5 0
6 0
7 0
3 8
5 9
10 0
10 10
11
bababbbbaa
0 1
2 1
0 3
4 1
0 5
4 6
2 7
2 8
9 1
10 3
10 10
11
abaabbaaaa
1 0
1 2
3 0
4 2
1 5
3 6
7 0
8 2
9 2
10 2
10 10
11
aabaabbbab
1 0
2 0
2 3
4 0
5 0
2 6
4 7
1 8
9 0
2 10
10 10
11
aababaaaaa
1 0
2 0
2 3
4 0
2 5
6 0
7 0
8 3
9 3
10 3
10 10
4
baa
0 1
2 1
3 1
3 3
11
babbbbbabb
0 1
2 1
0 3
2 4
2 5
2 6
2 7
8 1
0 9
2 10
10 10
11
bababbbbaa
0 1
2 1
0 3
4 1
0 5
4 6
2 7
2 8
9 1
10 3
10 10
11
bababababb
0 1
2 1
0 3
4 1
0 5
6 1
0 7
8 1
0 9
8 10
10 10
11
bbababbbbb
0 1
0 2
3 2
0 4
5 2
0 6
0 7
3 8
3 9
3 10
10 10
11
bbbbaababb
0 1
0 2
0 3
0 4
5 4
6 1
0 7
8 2
0 9
0 10
10 10
11
aaaaabaaba
1 0
2 0
3 0
4 0
5 0
5 6
7 0
8 0
3 9
10 0
10 10
11
babbaaabbb
0 1
2 1
0 3
2 4
5 1
6 3
7 1
0 8
2 9
2 10
10 10
11
abaabababb
1 0
1 2
3 0
4 2
1 5
6 0
4 7
8 0
4 9
3 10
10 10
11
babbbaabab
0 1
2 1
0 3
2 4
2 5
6 1
7 3
0 8
9 1
0 10
10 10
11
bbaababbab
0 1
0 2
3 2
4 1
0 5
6 2
0 7
0 8
9 2
4 10
10 10
4
abb
1 0
1 2
1 3
3 3
11
babaabaaab
0 1
2 1
0 3
4 1
5 3
0 6
7 1
8 3
9 1
0 10
10 10
11
aaabbbbbab
1 0
2 0
3 0
3 4
1 5
1 6
1 7
1 8
9 0
2 10
10 10
11
baababbabb
0 1
2 1
3 1
0 4
5 1
3 6
2 7
8 1
3 9
2 10
10 10
11
abbaaabbaa
1 0
1 2
1 3
4 0
5 2
6 2
1 7
1 8
9 0
10 2
10 10
11
abbaaaabba
1 0
1 2
1 3
4 0
5 2
6 2
7 2
1 8
1 9
10 0
10 10
11
baaababbbb
0 1
2 1
3 1
4 1
0 5
6 1
3 7
2 8
2 9
2 10
10 10
11
aababaabba
1 0
2 0
2 3
4 0
2 5
6 0
7 0
2 8
4 9
10 0
10 10
11
baaaababab
0 1
2 1
3 1
4 1
5 1
0 6
7 1
3 8
9 1
3 10
10 10
11
bbababbbaa
0 1
0 2
3 2
0 4
5 2
0 6
0 7
3 8
9 2
10 4
10 10
0
