1 5 5 4 4 1 1 8
0 8 8 1 1 4 4 5
5 4 4 1 1 8 8 2
0 8 8 1 1 5 5 4
3 5 5 1 1 8 8 2
4 5 5 1 1 8 8 0
5 4 4 5 5 1 1 4
4 5 5 4 4 1 1 8
8 1 1 4 4 5 5 4
5 1 1 4 4 5 5 3
4 5 5 1 1 4 4 5
1 4 4 5 5 1 1 8
5 4 4 1 1 5 5 3
5 4 4 1 1 8 8 0
8 1 1 4 4 5 5 1
2 8 8 1 1 4 4 5
2 8 8 1 1 5 5 4
4 1 1 5 5 4 4 5
4 5 5 1 1 8 8 2
8 1 1 4 4 5 5 3
5 1 1 4 4 5 5 4
1 5 5 4 4 5 5 3
3 5 5 1 1 8 8 0
5 4 4 1 1 5 5 4
8 1 1 5 5 4 4 1
3 5 5 4 4 5 5 1
3 5 5 1 1 4 4 5
4 5 5 4 4 1 1 5
3 5 5 4 4 1 1 5
5 4 4 5 5 1 1 8
8 1 1 5 5 4 4 5
3 5 5 4 4 1 1 8
2 8 8 1 1 5 5 3
0 8 8 1 1 5 5 3
34
0.00172114372253
